      Assignment         w1         w2   Data Height 

            L3N-H    122.572      8.546     13030802 
            G4N-H    109.804      8.407      8479854 
            M6N-H    122.279      8.473      6354820 
            T7N-H    115.278      8.158      8124387 
            T8N-H    117.103      8.265      8676207 
            E9N-H    124.091      8.435      6331160 
           T10N-H    119.187      8.175      3521396 
           F11N-H    123.364      8.920      3222565 
           V12N-H    124.468     10.335      1590114 
           K13N-H    112.918      8.091      2104150 
           D14N-H    119.955      7.907      3006810 
           I15N-H    120.812      7.424      3933516 
           K16N-H    124.119      6.427      2050427 
           G18N-H    111.648      8.351       439898 
           L19N-H    119.881      7.345      2459118 
           K20N-H    119.119      8.293      2070224 
           N21N-H    116.493      8.917       871356 
           L22N-H    118.363      8.961      1925998 
           N23N-H    122.279      8.473      6354820 
           L24N-H    122.070      8.564      2693831 
           I25N-H    118.481      7.736      1908198 
           F26N-H    120.847      8.378      3442247 
           I27N-H    118.043      9.385      1920105 
           V28N-H    125.805      8.727      1937438 
           L29N-H    128.972      9.496      1555074 
           E30N-H    115.094      7.632      1995373 
           T31N-H    114.409      8.943      1535105 
           G32N-H    111.240      7.912       487149 
           V34N-H    123.796      8.498       922971 
           T37N-H    116.122      8.952      1119834 
           G40N-H    106.539      7.936       916918 
           H41N-H    117.620      7.804       480505 
           E42N-H    120.539      8.939       679943 
           T45N-H    121.091      8.944       517400 
           C46N-H    124.512      9.269      1381465 
           K47N-H    125.929      8.397       804074 
           V48N-H    123.476      9.351      1648541 
           A49N-H    119.554      8.847      2446858 
           D50N-H    119.560      9.159      2867618 
           K51N-H    117.294      9.010      2423518 
           T52N-H    112.804      9.854      2505856 
           G53N-H    109.843      7.689      3954455 
           S54N-H    108.193      8.898      2760324 
           I55N-H    118.922      9.201      2169193 
           N56N-H    121.949      8.746      1195049 
           I57N-H    117.706      8.942      1512520 
           V59N-H    123.455      8.836       702573 
           W60N-H    127.409      8.998       386962 
           D61N-H    119.666      9.682       565002 
           D62N-H    120.928      8.522       789854 
           V63N-H    119.551      7.954      2036748 
           N65N-H    116.185      7.541      2129951 
           L66N-H    119.104      7.754      2674689 
           I67N-H    118.594      6.958      1588748 
           Q68N-H    125.462      8.713      2288379 
           G70N-H    114.800      9.377      1525024 
           D71N-H    121.640      7.893      3829117 
           I72N-H    122.609      8.371      1919600 
           I73N-H    128.768      9.127      1584125 
           R74N-H    123.393      8.883      2992131 
           L75N-H    133.610      9.114      1776969 
           T76N-H    118.359      8.709      1365576 
           K77N-H    117.131      8.189      1015565 
           G78N-H    107.604      9.511       623022 
           Y79N-H    115.599      8.776      1478461 
           A80N-H    120.823      8.201      1220773 
           S81N-H    117.354      9.202      1080641 
           V82N-H    122.634      8.748       529791 
           F83N-H    128.442      8.638       477857 
           C86N-H    117.592      7.633       698522 
           L87N-H    133.205      9.654       624348 
           T88N-H    125.814      9.099       822581 
           L89N-H    125.454      8.557      1427024 
           D96N-H    118.164      8.343      1832797 
           L97N-H    121.452      8.209      2219678 
           Q98N-H    121.992      8.390      2994095 
          I100N-H    122.089      9.138      1162349 
          G101N-H    109.855      7.736      2353887 
          E102N-H    117.696      8.569      2880709 
          C104N-H    121.640      8.855      1306400 
          M105N-H    123.451      7.941      4011977 
          V106N-H    126.752      8.487      3132075 
          Y107N-H    120.469      7.901      3941437 
          S108N-H    115.743      8.422      2352443 
          E109N-H    122.538      9.197      2898201 
          N112N-H    117.546      8.398      2963903 
          F113N-H    125.557      9.628      1462814 
          S114N-H    115.783      8.449      2470042 
          E115N-H    122.131      7.081      3059138 
          N117N-H    121.712      8.436      2111359 
          E119N-H    118.006      8.296      2194664 
          Y120N-H    118.439      7.786      3056192 
          S121N-H    115.923      7.910      1585930 
          T122N-H    115.347      8.076      1170962 
          Q123N-H    122.380      8.259      1544122 
          Q124N-H    121.787      8.336      2524130 
          A125N-H    127.134      8.382      2733076 
          N127N-H    118.981      8.465      3944838 
          K128N-H    126.380      7.853     12729057 
