      Assignment         w1         w2   Data Height 

            L3N-H    122.569      8.545      4755677 
            G4N-H    109.804      8.408      2983821 
            M6N-H    122.272      8.474      2205661 
            T7N-H    115.255      8.158      3143976 
            T8N-H    117.097      8.263      3663084 
            E9N-H    124.096      8.438      2850615 
           T10N-H    119.200      8.171      2082197 
           F11N-H    123.355      8.917      1824642 
           V12N-H    124.437     10.327       932879 
           K13N-H    112.895      8.082      1146053 
           D14N-H    119.982      7.910      1538215 
           I15N-H    120.780      7.420      1888645 
           K16N-H    124.093      6.437      1250208 
           G18N-H    111.618      8.343      1168081 
           L19N-H    119.873      7.349      2095900 
           K20N-H    119.133      8.290      1711558 
           N21N-H    116.518      8.914       776753 
           L22N-H    118.304      8.962       898579 
           N23N-H    122.272      8.474      2205661 
           L24N-H    122.070      8.564      1671862 
           I25N-H    118.482      7.725      1450499 
           F26N-H    120.865      8.383      1627793 
           I27N-H    118.032      9.374      1036627 
           V28N-H    125.805      8.727      1081935 
           L29N-H    129.009      9.507       821879 
           E30N-H    115.115      7.634      1952692 
           T31N-H    114.408      8.948      1788557 
           G32N-H    111.172      7.929      1342163 
           R33N-H    119.426      8.238      2090884 
           V34N-H    123.801      8.498      2232446 
           T37N-H    116.081      8.965      1337407 
           D39N-H    115.073      8.238      1141296 
           G40N-H    106.476      7.917      1166510 
           H41N-H    117.556      7.819       880871 
           E42N-H    120.656      8.933       947076 
           T45N-H    121.329      8.926       451036 
           C46N-H    124.652      9.268       630907 
           K47N-H    125.928      8.384      1196020 
           V48N-H    123.453      9.344      1174937 
           A49N-H    119.550      8.845      1164591 
           D50N-H    119.569      9.161      1515068 
           K51N-H    117.263      9.007      1246853 
           T52N-H    112.841      9.855      1190378 
           G53N-H    109.857      7.691      1922007 
           S54N-H    108.209      8.894      1242109 
           I55N-H    118.951      9.203      1413338 
           N56N-H    121.948      8.758       839600 
           I57N-H    117.701      8.952      1084929 
           V59N-H    123.391      8.816       285486 
           W60N-H    127.434      9.020      1779603 
           D61N-H    119.647      9.661       555643 
           D62N-H    120.960      8.514      1332778 
           V63N-H    119.504      7.953      2565352 
           N65N-H    116.128      7.541      1419315 
           L66N-H    119.126      7.752      1620923 
           I67N-H    118.619      6.966      1454421 
           Q68N-H    125.462      8.713      1609568 
           G70N-H    114.812      9.382      1038394 
           D71N-H    121.650      7.890      2211721 
           I72N-H    122.611      8.377      1132153 
           I73N-H    128.697      9.136      1019788 
           R74N-H    123.393      8.883      1627728 
           L75N-H    133.654      9.123       786140 
           T76N-H    118.494      8.725       670212 
           K77N-H    117.091      8.187       394775 
           G78N-H    107.483      9.474       238323 
           Y79N-H    115.596      8.799       875858 
           A80N-H    120.790      8.211      1279254 
           S81N-H    117.478      9.204       988453 
           V82N-H    122.389      8.732       590533 
           F83N-H    128.645      8.642       884840 
           K84N-H    130.034      9.168       623683 
           G85N-H    102.495      8.200      1213604 
           C86N-H    117.560      7.632      1622028 
           L87N-H    133.251      9.661       772989 
           T88N-H    125.848      9.106       822975 
           L89N-H    125.388      8.562      1169693 
           Y90N-H    117.465      8.494       269360 
           R93N-H    122.047      8.643      1887403 
           D96N-H    118.178      8.359       990382 
           L97N-H    121.474      8.218      2073953 
           Q98N-H    121.928      8.393      1397263 
          I100N-H    122.083      9.140       714656 
          G101N-H    109.883      7.742      1273337 
          E102N-H    117.696      8.569      1970613 
          C104N-H    121.640      8.855       940779 
          M105N-H    123.475      7.941      2436876 
          V106N-H    126.756      8.488      2134701 
          Y107N-H    120.461      7.900      2026930 
          S108N-H    115.726      8.421      1344657 
          E109N-H    122.558      9.199      1856825 
          N112N-H    117.533      8.397      1422467 
          F113N-H    125.574      9.620       816506 
          S114N-H    115.802      8.453      1644533 
          E115N-H    122.129      7.080      2467518 
          N117N-H    121.675      8.432      2035183 
          E119N-H    117.912      8.292      4813836 
          Y120N-H    118.453      7.781      3209617 
          S121N-H    115.911      7.894      4215977 
          T122N-H    115.407      8.074      3782063 
          Q123N-H    122.359      8.255      5234897 
          Q124N-H    121.730      8.335      5685584 
          A125N-H    127.063      8.383      8651859 
          N127N-H    118.920      8.465      4392593 
          K128N-H    126.369      7.853     10912996 
