      Assignment         w1         w2   Data Height 

            L3N-H    122.573      8.546     14304790 
            G4N-H    109.805      8.407      9001924 
            M6N-H    122.262      8.473      6153079 
            T7N-H    115.267      8.156      9207110 
            T8N-H    117.102      8.267      9867802 
            E9N-H    124.076      8.437      9088834 
           T10N-H    119.114      8.170      6358418 
           F11N-H    123.327      8.916      5395777 
           V12N-H    124.466     10.329      3110137 
           K13N-H    112.919      8.079      3601641 
           D14N-H    119.944      7.906      4699194 
           I15N-H    120.809      7.421      5480821 
           K16N-H    124.048      6.428      2491191 
           L22N-H    118.370      8.887       926162 
           N23N-H    122.262      8.473      6153079 
           L24N-H    122.040      8.572      4584831 
           I25N-H    118.578      7.751      2896840 
           F26N-H    120.884      8.381      4895007 
           I27N-H    118.040      9.375      3034811 
           V28N-H    125.796      8.724      3693340 
           L29N-H    129.004      9.507      2531696 
           E30N-H    115.136      7.637      4602074 
           T31N-H    114.427      8.950      4782129 
           G32N-H    111.176      7.906      3356055 
           R33N-H    119.412      8.244      6004145 
           V34N-H    123.617      8.483      6271722 
           T37N-H    115.678      8.942      1505056 
           G40N-H    106.558      7.936      2175132 
           H41N-H    117.593      7.850      1270984 
           E42N-H    120.680      8.858       989079 
           T45N-H    121.077      8.833       703541 
           C46N-H    124.716      9.287       993659 
           K47N-H    125.907      8.386      3863875 
           V48N-H    123.415      9.344      3550868 
           A49N-H    119.514      8.838      3777722 
           D50N-H    119.575      9.165      4538873 
           K51N-H    117.277      9.013      3741978 
           T52N-H    112.810      9.856      3819113 
           G53N-H    109.851      7.693      5941692 
           S54N-H    108.207      8.903      4070186 
           I55N-H    118.907      9.202      4753901 
           N56N-H    121.930      8.769      2457045 
           I57N-H    117.831      8.970      2832350 
           V59N-H    123.417      8.838       725567 
           D61N-H    119.504      9.630       925058 
           D62N-H    120.734      8.501       902081 
           V63N-H    119.551      7.935      2730519 
           N65N-H    116.208      7.542      4267738 
           L66N-H    119.174      7.759      4377081 
           I67N-H    118.596      6.974      4045056 
           Q68N-H    125.450      8.716      5288187 
           G70N-H    114.817      9.374      1616530 
           D71N-H    121.641      7.894      5718463 
           I72N-H    122.584      8.379      2733438 
           I73N-H    128.729      9.139      3014119 
           R74N-H    123.402      8.889      4696943 
           L75N-H    133.648      9.139      2433072 
           T76N-H    118.686      8.774       738625 
           K77N-H    117.042      8.205       787543 
           V82N-H    122.475      8.712      1964770 
           C86N-H    117.500      7.642      1855348 
           L87N-H    133.263      9.699      1603451 
           T88N-H    125.811      9.104      1500202 
           L89N-H    125.516      8.586      2291164 
           D96N-H    118.268      8.390      1353219 
           L97N-H    121.811      8.247       804593 
           Q98N-H    121.906      8.391      4024071 
          I100N-H    122.062      9.135      1815942 
          G101N-H    109.883      7.742      3306246 
          E102N-H    117.702      8.568      4332480 
          C104N-H    121.623      8.860      2981541 
          M105N-H    123.471      7.943      6408572 
          V106N-H    126.751      8.488      4581065 
          Y107N-H    120.471      7.903      5705298 
          S108N-H    115.707      8.421      3944779 
          E109N-H    122.558      9.203      3482484 
          N112N-H    117.536      8.401      4480013 
          F113N-H    125.539      9.630      2835394 
          S114N-H    115.794      8.460      4698125 
          E115N-H    122.124      7.083      6689197 
          N117N-H    121.639      8.418      5302629 
          E119N-H    117.927      8.283     10850975 
          Y120N-H    118.317      7.774      6732600 
          S121N-H    115.880      7.889      1547929 
          T122N-H    115.433      8.081      4018337 
          Q123N-H    122.424      8.265      2114396 
          Q124N-H    121.799      8.341      3266980 
          A125N-H    127.129      8.385      2860283 
          N127N-H    118.986      8.463      3578568 
          K128N-H    126.379      7.853     20061864 
