      Assignment         w1         w2   Data Height 

            L3N-H    122.574      8.547     25105656 
            G4N-H    109.803      8.409     15493366 
            M6N-H    122.260      8.474     11087044 
            T7N-H    115.256      8.158     16574417 
            T8N-H    117.094      8.267     18339508 
            E9N-H    124.072      8.439     17850844 
           T10N-H    119.141      8.172     12115552 
           F11N-H    123.327      8.916      9636032 
           V12N-H    124.462     10.325      5700347 
           K13N-H    112.903      8.078      7338833 
           D14N-H    119.966      7.909     10149225 
           I15N-H    120.807      7.422     10862050 
           K16N-H    124.036      6.433      8392316 
           G18N-H    111.572      8.302      4523761 
           L19N-H    119.898      7.337     12595247 
           K20N-H    119.409      8.299      7527621 
           N21N-H    116.554      8.865      6325267 
           L22N-H    118.366      8.889      2939750 
           N23N-H    122.260      8.474     11087044 
           L24N-H    122.021      8.571      9624017 
           I25N-H    118.465      7.745      7960098 
           F26N-H    120.884      8.381     10728948 
           I27N-H    118.008      9.373      5349281 
           V28N-H    125.801      8.727      7005865 
           L29N-H    129.025      9.512      4776657 
           E30N-H    115.109      7.637     10072468 
           T31N-H    114.410      8.949     10026148 
           G32N-H    111.201      7.906      3016199 
           R33N-H    119.414      8.239     13674078 
           V34N-H    123.580      8.470     11926847 
           T37N-H    115.483      8.933      4780629 
           D39N-H    114.846      8.249      7067050 
           G40N-H    106.590      7.942      8855711 
           H41N-H    117.582      7.853      4192995 
           E42N-H    120.644      8.838      3715979 
           V43N-H    122.456      8.773       835052 
           T45N-H    121.155      8.817      1312408 
           C46N-H    124.811      9.270      1376624 
           K47N-H    125.922      8.380      8431072 
           V48N-H    123.411      9.351      6837307 
           A49N-H    119.514      8.838      7396621 
           D50N-H    119.571      9.167      8789951 
           K51N-H    117.270      9.011      7288005 
           T52N-H    112.837      9.856      6922630 
           G53N-H    109.847      7.695     10756773 
           S54N-H    108.219      8.909      7007681 
           I55N-H    118.920      9.206      9700924 
           N56N-H    121.948      8.777      5120076 
           I57N-H    117.880      8.977      4825677 
           V59N-H    123.446      8.839      1061233 
           W60N-H    127.540      9.030      9833837 
           D61N-H    119.470      9.648      3426601 
           D62N-H    120.700      8.510      6725894 
           V63N-H    119.593      7.926     15317638 
           N65N-H    116.141      7.521     11068971 
           L66N-H    119.183      7.759      9639055 
           I67N-H    118.492      6.947     11565634 
           Q68N-H    125.459      8.717     10452928 
           G70N-H    114.787      9.379      5911447 
           D71N-H    121.643      7.893     12539105 
           I72N-H    122.599      8.380      5089702 
           I73N-H    128.740      9.137      6117149 
           R74N-H    123.402      8.889      8643908 
           L75N-H    133.685      9.141      4719269 
           T76N-H    118.795      8.759      1124874 
           K77N-H    117.075      8.183       740175 
           Y79N-H    115.219      8.740      4340146 
           A80N-H    120.671      8.234      4135320 
           S81N-H    117.553      9.245      2930810 
           V82N-H    122.539      8.704      4474136 
           F83N-H    128.654      8.674      3558928 
           G85N-H    102.469      8.210      8001343 
           C86N-H    117.499      7.638      8100793 
           L87N-H    133.223      9.696      4373613 
           T88N-H    125.917      9.118      5471412 
           L89N-H    125.542      8.601      5481300 
           R93N-H    121.827      8.643      8555941 
           D96N-H    118.226      8.413      1959744 
           L97N-H    121.665      8.249     10450830 
           Q98N-H    121.917      8.389      8479379 
          I100N-H    122.060      9.142      3768592 
          G101N-H    109.905      7.748      6836974 
          E102N-H    117.704      8.568     11040799 
          C104N-H    121.668      8.863      5588512 
          M105N-H    123.498      7.946     13195292 
          V106N-H    126.761      8.489     11508894 
          Y107N-H    120.479      7.904     11703786 
          S108N-H    115.708      8.427      7009098 
          E109N-H    122.546      9.203     10336663 
          N112N-H    117.527      8.399      8041502 
          F113N-H    125.554      9.630      5325623 
          S114N-H    115.791      8.460      8537840 
          E115N-H    122.092      7.078     14697898 
          N117N-H    121.583      8.417     12476138 
          E119N-H    117.892      8.278     24686498 
          Y120N-H    118.321      7.769     20122334 
          S121N-H    115.822      7.884     24397352 
          T122N-H    115.457      8.084     21967496 
          Q123N-H    122.401      8.266     28391824 
          Q124N-H    121.765      8.345     29942890 
          A125N-H    127.065      8.390     46326232 
          N127N-H    118.921      8.467     27289052 
          K128N-H    126.372      7.855     61988528 
