1	-1
2	-1
3	-1
4	0.710887596626054
5	0.579449635705385
6	0.480582675452917
7	-1
8	0.420946114415807
9	-1
10	0.495932766553895
11	0.427624855842356
12	0.49312843845901
13	0.45118109209331
14	0.386129508973367
15	0.248288733126121
16	-1
17	0
18	0.0722488449189823
19	0
20	0
21	0
22	0.281573528145706
23	0.422360966942884
24	0.390657740446807
25	0.513672317824248
26	0.393183242644458
27	0.320175985175923
28	0.229126003695631
29	0.310871794542521
30	0.26879707117062
31	0.962357274400167
32	0.140914303945685
33	0.379444076526074
34	-1
35	0.820030035515753
36	0.290000773455876
37	-1
38	0.0860336207521185
39	0.138038999970166
40	0.100722549398641
41	0.3252120019028
42	0.347682135888333
43	0.651186223569425
44	0.315431787465792
45	0.30286637041059
46	0.177639736877595
47	0.257416121420007
48	0.264823488670296
49	0.468256555346588
50	0.442307435385063
51	0.420173945170288
52	0.512381886998704
53	0.49362783656056
54	0.366156842758737
55	0.401826487424172
56	0.495938475223439
57	0.660142940368531
58	-1
59	-1
60	0.468256555346588
61	0.0443220756619283
62	0.111517448623407
63	-1
64	0
65	0
66	0
67	0.323582136747584
68	-1
69	0.0865153848099334
70	0.303683315479551
71	0.419393144848329
72	0.410693452251778
73	0.30584727768778
74	0.390809544544206
75	0
76	-1
77	-1
78	0
79	0.474593347501685
80	0
81	0
82	-1
83	-1
84	0.0581412566203486
85	0.363357294360096
86	0.310142870546923
87	0.207853409850527
88	0.20998963955491
89	-1
90	-1
91	-1
92	-1
93	-1
94	-1
95	0.310527124840454
96	0.518637984119096
97	0.761909393774357
98	0
99	0.341163743455383
100	0.411048113691348
101	0.256197303969142
102	1
103	-1
104	0.439486512277369
105	0.331413267940024
106	0.437555164420745
107	0.503827248866458
108	0.118264564607828
109	0.439750966347698
110	-1
111	0.425119899357839
112	0.442190609655545
113	0.4863055096033
114	0.436963727165431
115	-1
116	0.398887961941869
117	-1
118	0.417530163836556
119	0.394558716917086
120	-1
121	0.294003328339496
122	0.234512196063572
123	0.410518895516745
124	0.441243816748708
125	0.414267204674882
