1	2.88114084621345
2	2.58411228329987
3	2.36855256390517
4	2.22098038493448
5	1.69119252405032
6	1.76613549397635
7	1.70452330902507
8	1.83599711357154
9	1.95473974704446
10	2.08271856277914
11	1.64006869256956
12	-1
13	0.3765988831254
14	1.17329929863066
15	1.20955527069489
16	1.1217928994159
17	2.14338193970703
18	2.88114084621345
19	1.61127593066892
20	1.31554589144839
21	2.11467121433745
22	1.85226219266911
23	1.7907157084298
24	1.89209603846795
25	1.02185751772425
26	0.858292467055844
27	0.362958150388589
28	0
29	0.413434860238501
30	-1
31	-1
32	0.837317286360846
33	-1
34	0
35	0.786035267593077
36	0.545488499451111
37	0.717939215015479
38	-1
39	-1
40	1.14713681391286
41	2.18964918759817
42	0.672291433253625
43	1.40308884646581
44	2.10104491619805
45	1.89273220739927
46	1.94370787895606
47	2.10509266804326
48	2.05746128916284
49	2.22228806006558
50	1.53480130018439
51	1.42335516912816
52	1.39411887782518
53	-1
54	2.46097181648137
55	0.21744287911405
56	1.01684354882541
57	0.592637333449382
58	0.793944846555171
59	-1
60	1.50068941707796
61	1.65010244163356
62	1.09235771485698
63	1.42173490029623
64	-1
65	1.46863714543805
66	1.73128391872212
67	1.69553055108276
68	1.55338658623165
69	1.83822542832709
70	2.26037219833617
71	2.03752842384201
72	2.57251599012096
73	2.61419166425397
74	1.68801449550041
75	0.954285075520577
76	1.09326493014842
77	0.897140379961831
78	0.540049048415533
79	0
80	0
81	0.430647313116666
82	0.807706189868161
83	0.999521249126644
84	1.21999875180924
85	0
86	-1
87	-1
88	0
89	-1
90	-1
91	1.85059603264195
92	1.07026436953971
93	2.14282851546201
94	-1
95	1.62644545067837
96	1.84859703283577
97	1.46183395725087
98	-1
99	1.38863643852595
100	1.64636075040339
101	1.46721953097881
102	1.94453533175788
103	1.74947440127854
104	1.56083691247156
105	-1
106	-1
107	2.08363568363976
108	1.79155327701205
109	1.50197168436267
110	1.23976319524316
111	-1
112	1.03742955793165
113	-1
114	0.455907513259696
115	0.952198346407063
116	0.376171407007201
117	0.309609332261255
118	0.294967026094305
119	0.443952635296568
120	0.315894653391832
121	-1
122	0.898065903214798
123	1.16641268813807
