1	0.498778404969502
2	0.499247607961907
3	0.483574808173876
4	0.457594018476259
5	0.471668410721682
6	0.503253357589878
7	0.490353352046033
8	0.441066769227209
9	0.416122708079431
10	0.453486896873957
11	0.266781751875836
12	-1
13	0
14	0
15	0
16	0
17	0.283144076971954
18	0.498778404969502
19	0.428151896922764
20	0.327067217452215
21	0.410040825200718
22	0.509879039990448
23	0.473792789739034
24	0.476341500868305
25	0.410628060175316
26	0.428665071903749
27	1
28	0.394624496771046
29	0.472598211312292
30	-1
31	-1
32	0.282942730194845
33	-1
34	0
35	0.220746133066583
36	0.272424812675981
37	0.239215134111773
38	0
39	-1
40	0.48178299241717
41	0.64871352976168
42	0.411880462821876
43	0.466745747421451
44	0.459015711588497
45	0.464079622417176
46	0.46144876712372
47	0.495818024257983
48	0.496431183156047
49	0.522000422265147
50	0.440420933570197
51	0.431288248701359
52	0.527496511095671
53	-1
54	0.614465774446756
55	0
56	0.242625446765713
57	0.120538682183972
58	0.160208045904055
59	-1
60	0.346514507823255
61	0.408113580992089
62	0.314330132586448
63	0.454673630430131
64	-1
65	0.245765484764761
66	0.409867703524865
67	0.482667208194741
68	0.442835325359008
69	0.488355491848913
70	0.4633521152248
71	0.59013455643675
72	0.95624854064104
73	-1
74	0
75	0
76	0
77	0.394669403390918
78	0
79	-1
80	0
81	0.205839523440463
82	0.329493053543892
83	0.246423001773791
84	0.375667415089344
85	-1
86	-1
87	-1
88	0
89	-1
90	-1
91	0.620582701321314
92	0.0691920803857437
93	0.42651323245737
94	-1
95	0.433065685797348
96	0.434612444618732
97	0.352668755345059
98	-1
99	0.479485546111104
100	0.436488880729043
101	0.357736938429457
102	0.438109714608647
103	0.505814724115759
104	0.302788721616345
105	-1
106	-1
107	0.500694731944809
108	0.47849115979436
109	0.494546893103397
110	0.409024836047928
111	-1
112	0.381981205349709
113	-1
114	0.395039205560584
115	0.30070135249077
116	0.0570215825854537
117	0.16439807289499
118	0.0669304825913566
119	0.0980581471923024
120	0.0554897731281313
121	-1
122	0.117856013596584
123	0.290864608245564
