1	-1
2	-1
3	-1
4	0.981348329639438
5	1.01661030243469
6	0.920530814396274
7	-1
8	0.82067572340132
9	-1
10	1.13616654059242
11	1.11106001765119
12	0.896979781723538
13	1.04167672772003
14	1.17539190873837
15	1.02107684690423
16	-1
17	0.278211925897172
18	0.731517784085412
19	0.757291074815108
20	0.792657224824908
21	2.38368390188864
22	0.821108488580479
23	1.04824470795631
24	1.07510031678986
25	0.991933291022596
26	1.07368433090659
27	1.02078934270291
28	0.868516610628779
29	0.34860330517965
30	0.295460388357333
31	0.978355328918504
32	0
33	0.30537143226278
34	1.03887737956581
35	0
36	0.474282001355098
37	-1
38	0.375405503959375
39	0.993598668445621
40	0.62111488287731
41	1.05124913948325
42	0.551886268145744
43	1.11382304727305
44	0
45	0
46	-1
47	0.476162458309512
48	0.938564541070539
49	-1
50	0.885108605205536
51	1.05094121170902
52	-1
53	1.12480578195243
54	0.730646133466017
55	0.888185595191144
56	0.430214087204624
57	-1
58	-1
59	-1
60	-1
61	0.791009149270386
62	0.513961945273264
63	-1
64	1.30727098949756
65	0.879283035763171
66	0.949765560765316
67	1.07482003191198
68	-1
69	0.469421337530049
70	0.95412227148258
71	1.11155628095376
72	1.0575817683576
73	1.45188533739123
74	1.08947613087788
75	1.73634677793231
76	1.76149522016704
77	-1
78	1.13967631549638
79	0.854074227102413
80	0.636217533524619
81	0
82	0.547746599460549
83	0
84	0
85	0.458807614484623
86	0.888250490180358
87	0.850865559455975
88	-1
89	-1
90	-1
91	-1
92	0.869962652713291
93	-1
94	-1
95	1.67032770994045
96	1.07971504472116
97	1.09539310389074
98	0
99	0.857671448558582
100	-1
101	0.727843959482207
102	1.04465632479971
103	-1
104	0.983588073075889
105	0.752597120073704
106	1.05250124014259
107	1.09702651003913
108	0.671473250142466
109	1.21175644543286
110	-1
111	0.879737621664669
112	1.13950266842069
113	0.807617832138218
114	0.752865416313726
115	-1
116	0.50625385750825
117	-1
118	0.163820425452127
119	-1
120	-1
121	0
122	0.129791283535615
123	0.204247077569993
124	0.368578706149513
125	0.370405046533648
