1	1
2	0.896905920686263
3	0.822088433135107
4	0.770868382867645
5	0.586987104873049
6	0.61299866554511
7	0.591614016810476
8	0.637246567096678
9	0.678460322275979
10	0.722879815305231
11	0.569242803497449
12	-1
13	0.130711722622081
14	0.407234273247236
15	0.419818167613899
16	0.389357188452006
17	0.743935147260841
18	1
19	0.559249275434259
20	0.456605893869213
21	0.733970092825092
22	0.642891927724898
23	0.621530082704308
24	0.656717647439779
25	0.354671143226903
26	0.297900211363793
27	0.125977232548561
28	0
29	0.143496927886
30	-1
31	-1
32	0.290620046382423
33	-1
34	0
35	0.272820840614622
36	0.189330729932215
37	0.249185740419124
38	-1
39	-1
40	0.39815367423654
41	0.759993802620211
42	0.233342092295552
43	0.486990716996646
44	0.729240612779953
45	0.656938451963153
46	0.674631329291168
47	0.730645525646512
48	0.714113401247588
49	0.771322256940765
50	0.532706098766919
51	0.494024848177349
52	0.483877377830179
53	-1
54	0.854165744696484
55	0.0754711035386642
56	0.352930871172718
57	0.205695370369782
58	0.275566134713135
59	-1
60	0.520866384942702
61	0.572725364607641
62	0.379140685292291
63	0.493462477603186
64	-1
65	0.509741530813467
66	0.600902215869615
67	0.588492767825328
68	0.539156767803696
69	0.63801998112761
70	0.784540679886191
71	0.707195008019077
72	0.892881024369876
73	0.907346014579498
74	0.58588405968382
75	0.33121778019799
76	0.379455565869073
77	0.311383728824261
78	0.187442779524401
79	0
80	0
81	0.149471107489468
82	0.280342486876229
83	0.346918565414901
84	0.423442940463193
85	0
86	-1
87	-1
88	0
89	-1
90	-1
91	0.642313629017514
92	0.371472422442073
93	0.743743062154784
94	-1
95	0.564514384229404
96	0.64161980670445
97	0.507380248061141
98	-1
99	0.48197450685237
100	0.57142668070779
101	0.509249498478046
102	0.674918525525572
103	0.607215854642371
104	0.541742662293964
105	-1
106	-1
107	0.723198133953843
108	0.621820789971655
109	0.521311440340255
110	0.430302877026133
111	-1
112	0.360075960637291
113	-1
114	0.15823853729986
115	0.330493508381756
116	0.130563352187931
117	0.107460672277845
118	0.102378551358212
119	0.154089181679554
120	0.109642211281339
121	-1
122	0.311704963814971
123	0.404844035886351
