1	-1
2	-1
3	-1
4	0.411693987135583
5	0.426487044540263
6	0.386179901482289
7	-1
8	0.344288822335496
9	-1
10	0.476643123566934
11	0.466110467403366
12	0.376299802592467
13	0.437002878986888
14	0.493098899483728
15	0.428360843522587
16	-1
17	0.116715108776268
18	0.306885398481659
19	0.317697776208956
20	0.332534537904489
21	1
22	0.344470375425994
23	0.439758269595129
24	0.451024700019176
25	0.416134576500125
26	0.450430667445413
27	0.428240230130395
28	0.364358969719364
29	0.14624560953885
30	0.123951161529108
31	0.410438367328543
32	0
33	0.128109029901502
34	0.435828500055181
35	0
36	0.198970174266527
37	-1
38	0.157489633445917
39	0.416833233491392
40	0.26056931558131
41	0.44101868483918
42	0.231526616305322
43	0.467269610031156
44	0
45	0
46	-1
47	0.19975906114575
48	0.393745387266699
49	-1
50	0.371319621911381
51	0.440889503375989
52	-1
53	0.471877072736541
54	0.306519724736619
55	0.372610476786547
56	0.180482859687795
57	-1
58	-1
59	-1
60	-1
61	0.331843139370809
62	0.215616653225724
63	-1
64	0.548424641565011
65	0.368875686523074
66	0.398444424620562
67	0.450907115268251
68	-1
69	0.196931034839861
70	0.400272146288612
71	0.466318659144802
72	0.44367534114723
73	0.609093066509731
74	0.45705562302731
75	0.728429963619157
76	0.738980205710736
77	-1
78	0.478115539813558
79	0.358300119586206
80	0.26690516012653
81	0
82	0.229789947830985
83	0
84	0
85	0.192478379419813
86	0.372637701448828
87	0.356954023468387
88	-1
89	-1
90	-1
91	-1
92	0.364965611431953
93	-1
94	-1
95	0.700733729257063
96	0.452960664736493
97	0.45953790392377
98	0
99	0.35980922129777
100	-1
101	0.305344160316526
102	0.438252875715612
103	-1
104	0.412633601416938
105	0.315728574362316
106	0.441543964494903
107	0.460223148367085
108	0.281695592947724
109	0.508354503075162
110	-1
111	0.369066393814899
112	0.47804269161605
113	0.338810792613201
114	0.315841129655327
115	-1
116	0.212382966175647
117	-1
118	0.0687257338619137
119	-1
120	-1
121	0
122	0.0544498720794223
123	0.085685470883184
124	0.1546256640226
125	0.155391847987969
