1	-1
2	-1
3	-1
4	0.311206020207841
5	0.253666284085716
6	0.210385189611364
7	-1
8	0.184278028778449
9	-1
10	0.217105015339138
11	0.187201788525022
12	0.215877361642677
13	0.197514027153925
14	0.169036326337285
15	0.108693623106316
16	-1
17	0
18	0.0316284537788572
19	0
20	0
21	0
22	0.123264743267423
23	0.184897410275921
24	0.171018655051581
25	0.224870877589824
26	0.172124246838085
27	0.140163781989767
28	0.100304734636906
29	0.136090676548037
30	0.117671580091635
31	0.421292168840136
32	0.0616882048996599
33	0.166109637455435
34	-1
35	0.358985421907697
36	0.126953947421132
37	-1
38	0.0376630297749048
39	0.0604294800163506
40	0.0440934177109116
41	0.142368404395208
42	0.152205178878774
43	0.285070486548122
44	0.138086909506049
45	0.132586133500728
46	0.0777655367836225
47	0.112689329599597
48	0.115932060648952
49	0.204989170886181
50	0.19362939700709
51	0.183939995425545
52	0.22430596431313
53	0.216095983681408
54	0.16029287097937
55	0.175908009309597
56	0.217107514429483
57	0.288991477999384
58	-1
59	-1
60	0.204989170886181
61	0.0194029222616402
62	0.0488191122401571
63	-1
64	0
65	0
66	0
67	0.141654896590546
68	-1
69	0.0378739321395308
70	0.132943768413542
71	0.183598183637117
72	0.179789709944717
73	0.133891088453868
74	0.171085110492958
75	0
76	-1
77	-1
78	0
79	0.207763235136045
80	0
81	0
82	-1
83	-1
84	0.0254525598260218
85	0.159067309695625
86	0.135771574714244
87	0.090992208575891
88	0.0919273881284759
89	-1
90	-1
91	-1
92	-1
93	-1
94	-1
95	0.13593979012552
96	0.227044702611718
97	0.333541886679187
98	0
99	0.149351615281886
100	0.179944970460801
101	0.112155766586198
102	0.437771064912171
103	-1
104	0.1923944784942
105	0.145083139232127
106	0.19154899028629
107	0.220560991268039
108	0.051772804389743
109	0.192510248834188
110	-1
111	0.186105191057236
112	0.19357825408307
113	0.212890480811693
114	0.191290076169202
115	-1
116	0.174621607879937
117	-1
118	0.182782624455682
119	0.172726389675173
120	-1
121	0.128706150134904
122	0.102662653805642
123	0.179713294056934
124	0.193163775543993
125	0.181354195348712
