1	-1
2	-1
3	-1
4	0.698229803476662
5	0.723602721312503
6	0.744139389409777
7	0.821080162097272
8	0.723303859543304
9	0.671419170329369
10	-1
11	0
12	0.0720014247469351
13	0.0878158404340446
14	0
15	0.389267721251409
16	0.847227851018349
17	0.727632141955166
18	0.709905773900516
19	0.599455577884199
20	0.821479335510194
21	0.82859368757889
22	0.774853610448137
23	0.818499640354116
24	0.753961100605287
25	0.60513704423743
26	0.627378270474003
27	-1
28	0.739862135702321
29	0.265694591825701
30	0.435584397236343
31	0.0512907326476013
32	0.145189414085379
33	-1
34	0.105547186329295
35	0.0998637856894848
36	0
37	0
38	0.153217812796003
39	0.623847476779903
40	0.586272403584112
41	0.784207107638103
42	0.642270046235152
43	0.741328134289682
44	0.797100624310332
45	0.806579784434068
46	0.758685803603624
47	0.796361765749938
48	0.759929122342438
49	0.825885659102711
50	0.827897662435473
51	0.727305767507008
52	1.04000651807191
53	0.688769105716972
54	0.505719177007955
55	0.563581453717554
56	0
57	0.248924992952874
58	0
59	0.600976617034954
60	0.387156325803772
61	0.694340140578674
62	0.657573833528166
63	0.881193356268265
64	0.72034830096455
65	0.644933133004157
66	0.827286620565609
67	0.776484589707457
68	0.879207675351634
69	0.859428719251862
70	0.841757143638285
71	-1
72	0.696286014189002
73	0.707680477532181
74	0.615014338099004
75	0.27049831796196
76	0.183416904411977
77	0.115843755511422
78	0.238720990593961
79	0.257658360175576
80	0.720717030250202
81	0.251274953349774
82	0.367478303740718
83	0.752565226702703
84	0.557149546803816
85	0.810218063295132
86	0.453016742408738
87	0.50425488993277
88	0.953153494662213
89	0
90	-1
91	1.19795298760396
92	0.492395886781952
93	-1
94	0.704070493112383
95	0.244110856327483
96	0.79529081389044
97	0.787987589554496
98	0.864029769712375
99	0.858074968533332
100	0.796236376914395
101	0.814258495124897
102	-1
103	0.846667915891928
104	0.720000679768978
105	0.790259383085208
106	0.821032385464968
107	0.866615791774169
108	-1
109	0.631924003945054
110	0.933488024263447
111	0.778091758999286
112	-1
113	0.794757794149411
114	0.647370320684484
115	0.634207934433439
116	0.502929329367687
117	0.645148075989231
