1	-1
2	-1
3	-1
4	0.582852424679201
5	0.604032653034063
6	0.621175786620923
7	0.685402658195729
8	0.603783175990896
9	0.560472052974534
10	-1
11	0
12	0.0601037148302003
13	0.0733049137509861
14	0
15	0.324944071494815
16	0.707229632368877
17	0.607396241325388
18	0.592599026210874
19	0.500399918934361
20	0.685735871115646
21	0.691674628431094
22	0.646814706809096
23	0.683248548835965
24	0.629374531727904
25	0.505142564440505
26	0.523708590375343
27	-1
28	0.617605317869882
29	0.221790499773384
30	0.363607254828555
31	0.0428153134374567
32	0.121197923113639
33	-1
34	0.0881062841542732
35	0.0833620239882896
36	0
37	0
38	0.127899687534863
39	0.5207612345687
40	0.48939516796625
41	0.654622606857555
42	0.536139608883787
43	0.618829070890686
44	0.665385564006665
45	0.673298362106275
46	0.633318512040342
47	0.664768796430609
48	0.634356381432279
49	0.689414081895294
50	0.691093616362491
51	0.607123797872652
52	0.868153031741284
53	0.57495503817273
54	0.42215277414137
55	0.470453731948846
56	0
57	0.207791954716646
58	0
59	0.501669617467187
60	0.323181568734285
61	0.579605500185303
62	0.548914557025635
63	0.73558258578306
64	0.601316001895304
65	0.538362640001503
66	0.69058354470176
67	0.648176178649975
68	0.73392502414485
69	0.717414396178279
70	0.702662919453869
71	-1
72	0.581229832384032
73	0.590741443825454
74	0.513387707583668
75	0.225800445226976
76	0.153108599677881
77	0.096701420431466
78	0.199274089270756
79	0.21508219674874
80	0.601623801357777
81	0.209753601309807
82	0.30675519619156
83	0.628209315799542
84	0.465084650707517
85	0.676335441940553
86	0.378159032196098
87	0.420930449817847
88	0.795651836528765
89	0
90	-1
91	1
92	0.411031060381424
93	-1
94	0.587727982982538
95	0.203773319031268
96	0.663874811549248
97	0.657778391730178
98	0.721255156632256
99	0.716284342885254
100	0.664664127184953
101	0.67970822190068
102	-1
103	0.706762222435253
104	0.601025822565089
105	0.659674787961265
106	0.685362776303202
107	0.72341385742315
108	-1
109	0.527503174568621
110	0.779235941579415
111	0.649517774946706
112	-1
113	0.663429869430029
114	0.540397100206157
115	0.529409702213711
116	0.419823928461167
117	0.538542065227115
