1	-1
2	-1
3	-1
4	0.378414742628266
5	0.398890502068198
6	0.576596614567043
7	0.399926668403533
8	0.366593197631336
9	0.437891597439633
10	-1
11	0.164344618157522
12	0.206254219902358
13	0.160069738526681
14	0.327394937379664
15	0.43945334789768
16	0.424656793638405
17	0.442148110798861
18	0.458522094242192
19	0.408435531371488
20	0.48376163045074
21	0.573125964456685
22	0.408289036419978
23	0.259454934890647
24	0.0728008933348052
25	0
26	0.0304943040663184
27	-1
28	0.219388688259143
29	0.0319092900998463
30	0.241842358965516
31	0.0720322867369892
32	0
33	-1
34	0.104400195937902
35	0.0772428753077068
36	0.205064331950722
37	0
38	0.212127355334042
39	0.38899278682935
40	0.549834211688605
41	0
42	0.106030739266821
43	0.132220970572555
44	0.371393497562488
45	0.537788285726852
46	0.458522224287966
47	0.418279658023236
48	0.459820267204921
49	0.445059432964494
50	0.255247404494366
51	0.205146742990521
52	0.151979080807704
53	-1
54	0.210823230307248
55	0.321411611811615
56	-1
57	0.420434960555718
58	0.172451341267361
59	0.268508570870144
60	0.430565610947697
61	0.3956186526698
62	0.478277249682781
63	0.485179702151352
64	0.433847296961547
65	0.29034802433253
66	0.52727816429779
67	0.428415335004839
68	0.48233825865053
69	0.499562123023988
70	0.503015290124323
71	-1
72	0.438090404074037
73	0.214014543331552
74	0.584769892023634
75	0.375015130087469
76	0.223815294137589
77	0.784192912546306
78	0.0990210878128602
79	0.75290931469055
80	0
81	0
82	0.224443980615662
83	0.235074672555335
84	0.311449777844673
85	0.600642201911003
86	0.441549558963689
87	0.459707867828896
88	0.364353777734124
89	0
90	-1
91	0.518338782426283
92	0.376926574169035
93	-1
94	0.327439195508765
95	0.106467730320728
96	0.341951853095751
97	0.351817885607294
98	0.458797319461382
99	0.411971563768634
100	0.612957059361217
101	0.499362881536868
102	-1
103	0.526186138125025
104	0.371251999813452
105	0.483731767326667
106	0.446877769112018
107	0.53296329418628
108	-1
109	0.395439949022917
110	0.349775728668944
111	0.178402219541336
112	-1
113	0.456593383047402
114	0.196493841642229
115	0.231867656138271
116	0.102265326255796
117	0.174176826997095
