1	-1
2	-1
3	-1
4	0.482553127647556
5	0.508663742921349
6	0.735273942600183
7	0.509985058529738
8	0.46747833570823
9	0.558397800380243
10	-1
11	0.209571669838087
12	0.263014644231663
13	0.204120358607844
14	0.417492854298567
15	0.560389338983895
16	0.541520825863533
17	0.563825691006552
18	0.58470573618595
19	0.520835530182594
20	0.61689110257315
21	0.730848181980785
22	0.520648720343885
23	0.33085600588787
24	0.0928354390483049
25	0
26	0.0388862275830856
27	-1
28	0.279763671348137
29	0.0406906127170106
30	0.308396512001421
31	0.0918553146611559
32	0
33	-1
34	0.133130756817108
35	0.0984998385880536
36	0.261497303367445
37	0
38	0.270504045548252
39	0.496042211815298
40	0.701146622077048
41	0
42	0.135210019843886
43	0.168607709221993
44	0.473599661027997
45	0.685785700333139
46	0.584705902019857
47	0.533388725313859
48	0.586361161709388
49	0.567538198629427
50	0.325490578160886
51	0.261602393630925
52	0.193803180794151
53	-1
54	0.268841029973985
55	0.409862938913817
56	-1
57	0.536137159401949
58	0.219909334180801
59	0.342401170138462
60	0.54905572858295
61	0.504491492259488
62	0.609897439814644
63	0.618699422538714
64	0.553240522861686
65	0.370250763156936
66	0.672383231041578
67	0.546313704383986
68	0.615076023939516
69	0.637039834244216
70	0.641443300591703
71	-1
72	0.558651317890059
73	0.272910580939374
74	0.745696476808064
75	0.478217953883031
76	0.285408463347178
77	1
78	0.12627133735669
79	0.96010726779693
80	0
81	0
82	0.286210162097594
83	0.299766382473463
84	0.39715964383481
85	0.76593678966148
86	0.563062419845086
87	0.586217830426708
88	0.464622635457202
89	0
90	-1
91	0.660983763221241
92	0.48065542054587
93	-1
94	0.417549292106654
95	0.135767269274371
96	0.436055781204933
97	0.448636910610333
98	0.585056702402026
99	0.52534466606048
100	0.781640651878529
101	0.636785762211771
102	-1
103	0.670990683168096
104	0.473419223604026
105	0.616853021224039
106	0.569856934387469
107	0.679632888361267
108	-1
109	0.504263610007527
110	0.446032759379587
111	0.227497872892088
112	-1
113	0.582246250562026
114	0.250568244750141
115	0.295676806597738
116	0.130408378626805
117	0.222109667417849
