1	-1
2	-1
3	-1
4	-1
5	-1
6	-1
7	-1
8	-1
9	-1
10	-1
11	-1
12	-1
13	-1
14	-1
15	-1
16	-1
17	-1
18	-1
19	-1
20	-1
21	-1
22	-1
23	-1
24	-1
25	-1
26	-1
27	-1
28	-1
29	-1
30	-1
31	-1
32	-1
33	-1
34	-1
35	-1
36	-1
37	-1
38	-1
39	-1
40	-1
41	-1
42	-1
43	-1
44	-1
45	-1
46	-1
47	-1
48	-1
49	-1
50	-1
51	-1
52	0.222520446335888
53	0.109019142806014
54	0.365466593576955
55	0.0716485616347279
56	0.113323117294174
57	0.437902398677846
58	0.371228009587676
59	0.295868001610202
60	0.377237677211707
61	0.380199267204822
62	0.159352864570393
63	0.0841419829885207
64	0.102067658430478
65	0.0764807049269939
66	0.0605775837996408
67	0.116234175499746
68	0
69	0
70	0
71	0
72	0.0706658259201961
73	0.0811320822853632
74	0.097998584999717
75	0.283442835858951
76	0.15902472597662
77	0.185610577599632
78	0.328684661261013
79	-1
80	0.491391716307179
81	0.433466935643193
82	0.404399335903287
83	0.121174249330516
84	0.126567629273808
85	0.0917516427807989
86	0.100506741568371
87	0.106118542429111
88	0
89	0
90	0.0889494922990286
91	0.0611258887208859
92	0.146112837189998
93	0.087437399667378
94	0.049970482592439
95	0.0513271358973044
96	-1
97	-1
98	0
99	0
100	-1
101	-1
102	0.0291927907657065
103	0.137445336354524
104	0.0867521272549701
105	0.0561119635327714
106	0.0973541656689771
107	0.300029763691889
108	0.194990518379639
109	0.359231191197033
110	0.270596521362814
111	0.251665890544247
112	-1
113	0.235124363920203
114	0.115417467854387
115	0.209939596098357
116	0.195826001216972
117	0.0400351038114909
118	0.0549363316655524
119	0.0641381195622598
120	0.078188032242703
121	0.0756021851452271
122	0.271955267543893
123	0.29320635736414
124	0.134274290037319
125	0.220541092630411
126	0.180180558673124
127	0.256097739797183
128	-1
129	0.400142700875929
130	0.451960059953687
131	0.283667894148244
132	-1
133	0.135435251986995
134	-1
135	0.13110541563775
136	0.0910829311086024
137	-1
138	-1
139	0.0843110408593722
140	0
141	-1
142	-1
143	-1
144	-1
145	-1
146	-1
147	-1
148	-1
149	-1
150	-1
151	-1
152	-1
153	-1
154	-1
155	-1
156	-1
157	-1
158	-1
159	-1
160	-1
161	-1
162	-1
163	-1
164	-1
165	-1
166	-1
167	-1
168	-1
169	-1
170	-1
171	-1
172	-1
173	-1
174	-1
175	-1
176	-1
177	-1
178	-1
179	-1
180	-1
181	-1
182	-1
183	-1
184	-1
185	-1
186	-1
187	-1
188	-1
189	-1
190	-1
191	-1
192	-1
193	-1
194	-1
195	-1
196	-1
197	-1
198	-1
199	-1
200	-1
201	-1
202	-1
203	-1
204	-1
205	-1
206	-1
207	-1
208	-1
209	-1
210	-1
211	-1
212	-1
213	-1
214	-1
215	-1
216	-1
217	-1
218	-1
219	-1
220	-1
221	-1
222	-1
223	-1
224	-1
225	-1
226	-1
227	-1
228	-1
229	-1
230	-1
231	-1
232	-1
233	-1
234	-1
235	-1
236	-1
237	-1
238	-1
239	-1
240	-1
241	-1
242	-1
243	-1
244	-1
245	-1
246	-1
247	-1
248	-1
249	-1
250	-1
251	-1
252	-1
253	-1
254	-1
255	-1
256	-1
257	-1
258	-1
259	-1
260	-1
261	-1
262	-1
263	-1
264	-1
265	-1
266	-1
267	-1
268	-1
269	-1
270	-1
271	-1
272	-1
273	-1
274	-1
275	-1
276	-1
277	-1
278	-1
279	-1
280	-1
281	-1
282	-1
283	-1
284	-1
285	-1
286	-1
287	-1
288	-1
289	-1
290	-1
291	-1
292	-1
293	-1
294	-1
295	-1
296	-1
297	-1
298	-1
299	-1
300	-1
301	-1
302	-1
303	-1
304	-1
305	-1
306	-1
307	-1
308	-1
309	-1
310	-1
311	-1
312	-1
313	-1
314	-1
315	-1
316	-1
317	-1
318	-1
319	-1
320	-1
321	-1
322	-1
323	-1
324	-1
