1	-1
2	-1
3	-1
4	-1
5	-1
6	-1
7	-1
8	-1
9	-1
10	-1
11	-1
12	-1
13	-1
14	-1
15	-1
16	-1
17	-1
18	-1
19	-1
20	-1
21	-1
22	-1
23	-1
24	-1
25	-1
26	-1
27	-1
28	-1
29	-1
30	-1
31	-1
32	-1
33	-1
34	-1
35	-1
36	-1
37	-1
38	-1
39	-1
40	-1
41	-1
42	-1
43	-1
44	-1
45	-1
46	-1
47	-1
48	-1
49	-1
50	-1
51	-1
52	0.452837194749913
53	0.221857917396931
54	0.743737799089178
55	0.145807426655803
56	0.230616661887994
57	0.891147294807274
58	0.755462490042495
59	0.602102135204187
60	0.76769238205043
61	0.773719325311442
62	0.324288870329222
63	0.17123199312526
64	0.207711394073794
65	0.155641013857027
66	0.123277584438913
67	0.236540771125017
68	0
69	0
70	0
71	0
72	0.143807523763835
73	0.165106735813686
74	0.199430681770908
75	0.57681647136633
76	0.323621096366244
77	0.377724270556493
78	0.668885230160344
79	-1
80	1
81	0.882120966345766
82	0.822967344550207
83	0.246594000894324
84	0.257569725075888
85	0.18671792733975
86	0.204534871535242
87	0.21595509022129
88	0
89	0
90	0.181015449278401
91	0.124393404879204
92	0.297344933463754
93	0.177938285823115
94	0.10169174801718
95	0.104452586793748
96	-1
97	-1
98	0
99	0
100	-1
101	-1
102	0.0594083900825417
103	0.279706254284117
104	0.176543731560871
105	0.114189884913922
106	0.19811926501447
107	0.610571472280039
108	0.396812790913525
109	0.731048528649739
110	0.550673754527964
111	0.512149232867666
112	-1
113	0.478486625063948
114	0.234878741387323
115	0.427234707324857
116	0.398513028849182
117	0.0814728911434563
118	0.111797431341335
119	0.130523404106726
120	0.159115486989256
121	0.153853194175473
122	0.553438852383683
123	0.59668559243854
124	0.273253059791879
125	0.44880913802899
126	0.366673984712615
127	0.521168207152055
128	-1
129	0.814304937582205
130	0.919755146363024
131	0.577274473163723
132	-1
133	0.275615659549157
134	-1
135	0.266804285230957
136	0.185357074785658
137	-1
138	-1
139	0.171576032036054
140	0
141	-1
142	-1
143	-1
144	-1
145	-1
146	-1
147	-1
148	-1
149	-1
150	-1
151	-1
152	-1
153	-1
154	-1
155	-1
156	-1
157	-1
158	-1
159	-1
160	-1
161	-1
162	-1
163	-1
164	-1
165	-1
166	-1
167	-1
168	-1
169	-1
170	-1
171	-1
172	-1
173	-1
174	-1
175	-1
176	-1
177	-1
178	-1
179	-1
180	-1
181	-1
182	-1
183	-1
184	-1
185	-1
186	-1
187	-1
188	-1
189	-1
190	-1
191	-1
192	-1
193	-1
194	-1
195	-1
196	-1
197	-1
198	-1
199	-1
200	-1
201	-1
202	-1
203	-1
204	-1
205	-1
206	-1
207	-1
208	-1
209	-1
210	-1
211	-1
212	-1
213	-1
214	-1
215	-1
216	-1
217	-1
218	-1
219	-1
220	-1
221	-1
222	-1
223	-1
224	-1
225	-1
226	-1
227	-1
228	-1
229	-1
230	-1
231	-1
232	-1
233	-1
234	-1
235	-1
236	-1
237	-1
238	-1
239	-1
240	-1
241	-1
242	-1
243	-1
244	-1
245	-1
246	-1
247	-1
248	-1
249	-1
250	-1
251	-1
252	-1
253	-1
254	-1
255	-1
256	-1
257	-1
258	-1
259	-1
260	-1
261	-1
262	-1
263	-1
264	-1
265	-1
266	-1
267	-1
268	-1
269	-1
270	-1
271	-1
272	-1
273	-1
274	-1
275	-1
276	-1
277	-1
278	-1
279	-1
280	-1
281	-1
282	-1
283	-1
284	-1
285	-1
286	-1
287	-1
288	-1
289	-1
290	-1
291	-1
292	-1
293	-1
294	-1
295	-1
296	-1
297	-1
298	-1
299	-1
300	-1
301	-1
302	-1
303	-1
304	-1
305	-1
306	-1
307	-1
308	-1
309	-1
310	-1
311	-1
312	-1
313	-1
314	-1
315	-1
316	-1
317	-1
318	-1
319	-1
320	-1
321	-1
322	-1
323	-1
324	-1
