      Assignment         w1         w2   Data Height 

            K4N-H    121.034      8.767     69599096 
            V5N-H    123.943      9.835     74420328 
            G6N-H    103.396      9.621     35680872 
            N7N-H    116.500      7.686     74739952 
            L8N-H    119.826      7.505     94011488 
            K9N-H    120.104      7.769     62176096 
           N11N-H    114.609      7.137     42565720 
           M12N-H    117.397      8.232     57299904 
           E13N-H    123.019      8.721     65429544 
           S14N-H    112.718      8.117     25776770 
           V15N-H    125.235      9.182     30423152 
           N16N-H    125.755      8.395     51679112 
           V17N-H    114.004      8.799     76189664 
           T18N-H    121.758      8.379     68034920 
           V19N-H    114.708      8.706     77744480 
           R20N-H    120.599      9.380     41277420 
           V21N-H    126.821      9.127     52933948 
           L22N-H    132.774      9.358     35651092 
           E23N-H    116.221      7.655     79211968 
           A24N-H    126.417      9.246    117761000 
           S25N-H    118.561      8.529     70445200 
           E26N-H    120.381      8.789    105390272 
           R28N-H    119.586      9.364     49141932 
           Q29N-H    118.263      8.371     88671512 
           I30N-H    118.463      9.251     32615924 
           Q31N-H    122.065      8.596     36883752 
           T32N-H    115.323      7.727     11301283 
           N34N-H    115.743      8.056     35423468 
           G35N-H    108.057      7.509     81645912 
           V36N-H    122.534      8.638     67157920 
           R37N-H    128.381      9.062     15826538 
           T38N-H    118.840      8.812     44340632 
           I39N-H    120.677      8.873     32660256 
           S40N-H    114.993      8.735     23741722 
           E41N-H    117.634      8.120     55171132 
           A42N-H    126.602      9.416     63604640 
           I43N-H    120.890      8.598     70122568 
           V44N-H    119.692      9.040     51532060 
           G45N-H    105.102      8.961     50928640 
           D46N-H    120.911      9.293     75431528 
           E47N-H    116.245     10.098     55879820 
           T48N-H    112.054      9.564     50002672 
           G49N-H    110.828      7.743     82977520 
           R50N-H    114.369      8.647     74796216 
           V51N-H    116.708      9.259     83327728 
           K52N-H    126.643      8.569     17409850 
           T54N-H    124.310      8.755     49824016 
           L55N-H    128.033      8.830     30846384 
           G57N-H    112.007      9.430     24873060 
           K58N-H    127.333      8.982     23769012 
           H59N-H    114.286      7.452    127541776 
           A60N-H    125.278      7.863     82299680 
           G61N-H    109.257      9.321     32065844 
           S62N-H    111.195      7.650     59488876 
           I63N-H    113.556      7.187     63825168 
           K64N-H    120.194      8.363     64913024 
           E65N-H    120.794      8.679    130311808 
           G66N-H    114.170      9.071     40088768 
           Q67N-H    119.193      7.580     98574576 
           V68N-H    122.718      8.496     69601744 
           V69N-H    117.589      8.986     52462224 
           K70N-H    122.997      9.105     57087044 
           E72N-H    126.088      9.311     68234624 
           N73N-H    121.594      8.849     44095536 
           A74N-H    123.696      9.086     26773822 
           W75N-H    115.174      7.996     33245016 
           T76N-H    110.472      9.160     51915840 
           T77N-H    113.269      8.883     10199855 
           A78N-H    121.102      8.686     51998944 
           F79N-H    121.841      8.924     27439108 
           K80N-H    126.777      9.080     35123620 
           G81N-H    103.731      8.681     51456164 
           Q82N-H    120.301      7.923     55173616 
           V83N-H    123.224      8.083     53573632 
           Q84N-H    124.542      8.714     32926962 
           L85N-H    125.413      9.030     10844253 
           N86N-H    121.162      8.189     41356232 
           A87N-H    120.445      8.480     42707792 
           G88N-H    110.072      8.332     16737639 
           S89N-H    121.223      9.567      6546539 
           T91N-H    121.903      8.450     46892208 
           K92N-H    128.625      9.249     65968392 
           A94N-H    130.013      8.668    106216496 
           E95N-H    121.653      8.752    134445216 
           A96N-H    128.866      8.636     95232208 
           S97N-H    114.125      8.257    163225232 
           E98N-H    123.684      8.527    117916600 
           D99N-H    122.376      8.261    169930816 
          G100N-H    113.443      8.943     71539504 
          F101N-H    125.771      8.111    116179336 
          E103N-H    123.062      8.545     53730336 
          S104N-H    116.752      9.417     98634200 
          S105N-H    113.455      8.045    112131664 
          Q106N-H    119.895      7.982     82111160 
          I107N-H    123.844      7.166     68236384 
          E109N-H    119.003      8.748     89075320 
          N110N-H    116.462      7.875    120254336 
          T111N-H    116.549      8.104     75630040 
          T113N-H    115.142      8.370     85500144 
          A114N-H    125.028      8.243    112530000 
          R115N-H    120.708      8.231    209704384 
          R116N-H    123.838      8.480    139170064 
          R117N-H    127.844      8.049    373714880 
