      Assignment         w1         w2   Data Height 

            K4N-H    121.090      8.782     26337324 
            V5N-H    123.957      9.841     29685562 
            G6N-H    103.467      9.632     20573470 
            N7N-H    116.482      7.689     29890500 
            L8N-H    119.839      7.499     34463972 
            K9N-H    120.140      7.775     27226390 
           N11N-H    114.598      7.124      6995447 
           M12N-H    117.411      8.237     11818347 
           E13N-H    123.114      8.728     10473290 
           S14N-H    112.663      8.102      8439184 
           V15N-H    125.272      9.173     13369556 
           N16N-H    125.754      8.400     21945886 
           V17N-H    113.980      8.797     33687116 
           T18N-H    121.758      8.392     31195514 
           V19N-H    114.709      8.703     31753608 
           R20N-H    120.544      9.382     19968432 
           V21N-H    126.841      9.128     30337820 
           L22N-H    132.760      9.350     14555950 
           E23N-H    116.187      7.648     20551936 
           A24N-H    126.462      9.257      8573106 
           E26N-H    120.386      8.805      3213803 
           R28N-H    119.681      9.360     10781184 
           Q29N-H    118.412      8.379      2829445 
           I30N-H    118.717      9.263      7887912 
           Q31N-H    121.954      8.573      2656821 
           N34N-H    115.579      8.048      3698217 
           G35N-H    108.060      7.515      6306565 
           V36N-H    122.562      8.661     13771694 
           T38N-H    118.763      8.814      9405861 
           I39N-H    120.869      8.883     12704604 
           S40N-H    115.194      8.743     13054011 
           A42N-H    126.563      9.419      6744047 
           I43N-H    120.993      8.592      9271674 
           V44N-H    119.674      9.045     19138672 
           G45N-H    105.136      8.966     27388826 
           D46N-H    120.929      9.294     34587032 
           E47N-H    116.277     10.106     23373392 
           T48N-H    112.037      9.572     22992242 
           G49N-H    110.818      7.744     36929928 
           R50N-H    114.365      8.640     19091540 
           V51N-H    116.700      9.257     17094412 
           K52N-H    126.527      8.548      2645933 
           T54N-H    124.333      8.736     10504060 
           L55N-H    128.051      8.822      9914386 
           G57N-H    111.962      9.404     10457504 
           K58N-H    127.291      8.960      4098998 
           H59N-H    114.297      7.437     34246060 
           A60N-H    125.224      7.860     35435412 
           G61N-H    109.289      9.309     12685846 
           S62N-H    111.252      7.662     28452176 
           I63N-H    113.557      7.189     30966676 
           K64N-H    120.218      8.372     28162340 
           E65N-H    120.794      8.680     37835776 
           G66N-H    114.173      9.077     21137932 
           Q67N-H    119.220      7.582     42230860 
           V68N-H    122.745      8.504     33571584 
           V69N-H    117.582      8.991     26208140 
           K70N-H    122.993      9.113     28715656 
           E72N-H    126.091      9.313     29892934 
           N73N-H    121.837      8.899      9437086 
           A74N-H    123.705      9.080     15656525 
           W75N-H    115.094      8.002     12467384 
           T76N-H    110.528      9.186     11619559 
           T77N-H    113.077      8.907      7998654 
           A78N-H    121.079      8.678      5148992 
           F79N-H    121.804      8.937     20659160 
           Q82N-H    120.328      7.941     12383386 
           V83N-H    123.324      8.103     12593804 
           Q84N-H    124.526      8.714     10255095 
           L85N-H    125.416      9.040      6513516 
           N86N-H    121.128      8.190     18260826 
           A87N-H    120.518      8.483     19633108 
           G88N-H    110.053      8.328      6098422 
           T91N-H    121.830      8.429     24306050 
           K92N-H    128.613      9.255     24865240 
           A94N-H    130.020      8.667     34779444 
           E95N-H    121.707      8.753     14314077 
           A96N-H    128.846      8.634     32564830 
           S97N-H    114.142      8.259     57425556 
           E98N-H    123.686      8.528     54099820 
           D99N-H    122.406      8.263     70006664 
          G100N-H    113.469      8.949     43850644 
          F101N-H    125.791      8.114     58015648 
          E103N-H    123.080      8.544     28272158 
          S104N-H    116.767      9.421     36618144 
          S105N-H    113.478      8.045     54241648 
          Q106N-H    119.910      7.979     36693652 
          I107N-H    123.842      7.168     36367488 
          E109N-H    119.073      8.746     35223940 
          N110N-H    116.512      7.878     42062048 
          T111N-H    116.553      8.102     13492567 
          T113N-H    115.057      8.369     39038800 
          A114N-H    125.095      8.260     22111452 
          R115N-H    120.725      8.233     48623664 
          R116N-H    123.900      8.469     14232272 
          R117N-H    127.960      8.051     65092472 
