      Assignment         w1         w2   Data Height 

            K4N-H    121.214      8.850      2341096 
            V5N-H    123.954      9.832      2137351 
            G6N-H    103.435      9.622      1411585 
            N7N-H    116.498      7.685      2261605 
            L8N-H    119.952      7.501      2838341 
            K9N-H    120.173      7.765      2025599 
           N11N-H    114.561      7.108      1103301 
           M12N-H    117.573      8.225      1566594 
           E13N-H    123.344      8.734      1422158 
           S14N-H    112.421      8.034       758488 
           V15N-H    125.947      9.164      1135360 
           N16N-H    125.832      8.405      1635933 
           V17N-H    113.968      8.791      2680621 
           T18N-H    121.768      8.367      2409948 
           V19N-H    114.829      8.703      2968285 
           R20N-H    120.586      9.376      1455613 
           V21N-H    126.880      9.124      2007534 
           L22N-H    132.869      9.377      1349140 
           E23N-H    116.134      7.648      2868099 
           A24N-H    126.400      9.247      3291825 
           S25N-H    118.602      8.519      2163462 
           E26N-H    120.443      8.773      3106354 
           R28N-H    119.644      9.373      1632765 
           Q29N-H    118.299      8.369      2728185 
           I30N-H    118.478      9.254      1472252 
           Q31N-H    122.232      8.637      1925728 
           T32N-H    115.132      7.641       742685 
           N34N-H    115.610      8.049      1759090 
           G35N-H    108.122      7.526      2021814 
           V36N-H    122.498      8.671      2192955 
           R37N-H    128.106      9.008       487991 
           T38N-H    118.882      8.841       908987 
           I39N-H    121.053      8.878      1532724 
           S40N-H    114.990      8.719      1733428 
           E41N-H    117.541      8.099      1422526 
           A42N-H    126.712      9.418      2416127 
           I43N-H    120.875      8.583      2228615 
           V44N-H    119.751      9.055      1686501 
           G45N-H    105.115      8.962      1913011 
           D46N-H    120.926      9.289      2518132 
           E47N-H    116.299     10.106      1662070 
           T48N-H    112.094      9.571      1783919 
           G49N-H    110.874      7.744      2567043 
           R50N-H    114.436      8.644      2012907 
           V51N-H    116.700      9.250      2448805 
           K52N-H    126.757      8.578       540037 
           L53N-H    128.757      9.185      1568575 
           T54N-H    124.467      8.732      1657756 
           L55N-H    128.138      8.805      1411237 
           W56N-H    121.183      8.543       743388 
           G57N-H    111.606      9.385       975575 
           K58N-H    127.290      8.920       375495 
           H59N-H    114.414      7.446      3080020 
           A60N-H    125.169      7.830      2601701 
           G61N-H    109.319      9.306       896153 
           S62N-H    111.306      7.672      1853731 
           I63N-H    113.677      7.190      2162640 
           K64N-H    120.306      8.394      2302836 
           E65N-H    120.802      8.673      3574783 
           G66N-H    114.169      9.067      1316528 
           Q67N-H    119.260      7.582      3309736 
           V68N-H    122.837      8.534      2428449 
           V69N-H    117.652      8.992      1878691 
           K70N-H    123.040      9.110      1993417 
           E72N-H    126.152      9.322      2180703 
           N73N-H    121.546      8.949      1029962 
           A74N-H    123.758      9.021      1070923 
           W75N-H    115.331      8.012       616514 
           T76N-H    110.520      9.123       555216 
           T77N-H    112.674      8.859      1304110 
           A78N-H    121.066      8.707      1207841 
           F79N-H    122.135      8.911      1472182 
           K80N-H    126.892      9.090      1279165 
           G81N-H    103.642      8.649      1963013 
           Q82N-H    120.305      7.932      2170305 
           V83N-H    123.251      8.122      1536219 
           Q84N-H    124.555      8.758      1511928 
           L85N-H    125.132      9.014      1188875 
           N86N-H    121.045      8.159      1280222 
           A87N-H    120.489      8.442      1214485 
           G88N-H    110.046      8.377       195212 
           S89N-H    121.591      9.625       583979 
           T91N-H    121.746      8.414      1251287 
           K92N-H    128.669      9.213      1865109 
           A94N-H    130.065      8.666      2722422 
           E95N-H    121.702      8.754      3798430 
           A96N-H    128.852      8.630      2471340 
           S97N-H    114.225      8.267      3685605 
           E98N-H    123.772      8.519      3166171 
           D99N-H    122.500      8.264      4199682 
          G100N-H    113.458      8.941      2289496 
          F101N-H    125.891      8.137      3570489 
          E103N-H    123.072      8.531      2972509 
          S104N-H    116.784      9.420      2824489 
          S105N-H    113.504      8.044      3092453 
          Q106N-H    119.943      7.984      2221089 
          I107N-H    123.907      7.166      2377073 
          E109N-H    119.123      8.750      2734563 
          N110N-H    116.529      7.873      3317583 
          T111N-H    116.523      8.103      1987380 
          T113N-H    115.032      8.362      3106593 
          A114N-H    125.237      8.286      2945169 
          R115N-H    120.684      8.222      4347582 
          R116N-H    123.874      8.476      2672284 
          R117N-H    127.979      8.053      9676687 
