      Assignment         w1         w2   Data Height 

            K4N-H    121.244      8.846      1634623 
            V5N-H    123.968      9.842      1546593 
            G6N-H    103.460      9.628      1050416 
            N7N-H    116.485      7.692      1856959 
            L8N-H    120.002      7.493      2052983 
            K9N-H    120.193      7.777      1360026 
           M12N-H    117.573      8.250       112797 
           E13N-H    123.421      8.765       124888 
           V15N-H    125.759      9.140       441959 
           N16N-H    125.851      8.413      1386008 
           V17N-H    113.921      8.794      1950506 
           T18N-H    121.777      8.383      1710836 
           V19N-H    114.723      8.701      1779355 
           R20N-H    120.579      9.382      1195756 
           V21N-H    126.872      9.127      1663430 
           L22N-H    132.810      9.371      1045386 
           E23N-H    116.166      7.650      2347538 
           A24N-H    126.465      9.255      2481908 
           S25N-H    118.541      8.516      1309191 
           E26N-H    120.448      8.790      1948859 
           R28N-H    119.665      9.370      1208021 
           Q29N-H    118.304      8.376       724864 
           I30N-H    118.784      9.264       641290 
           Q31N-H    122.196      8.616        98772 
           T32N-H    115.413      7.643       107830 
           N34N-H    115.107      8.071       185667 
           G35N-H    108.012      7.546       201906 
           T38N-H    119.220      8.842       139273 
           I39N-H    120.978      8.871       956186 
           S40N-H    115.047      8.738      1016261 
           E41N-H    117.582      8.111      1115555 
           A42N-H    126.655      9.405      1551806 
           I43N-H    120.857      8.592      1652135 
           V44N-H    119.736      9.055      1344311 
           G45N-H    105.130      8.967      1542996 
           D46N-H    120.924      9.292      1910471 
           E47N-H    116.333     10.113      1323609 
           T48N-H    112.092      9.574      1355652 
           G49N-H    110.863      7.750      2120084 
           R50N-H    114.404      8.644      1666481 
           V51N-H    116.638      9.253      1781030 
           K52N-H    126.697      8.626       561642 
           L53N-H    128.701      9.180      1080386 
           T54N-H    124.298      8.704       838359 
           L55N-H    128.261      8.840       795347 
           G57N-H    111.660      9.384       242845 
           H59N-H    114.367      7.443      1851020 
           A60N-H    125.112      7.844      1007265 
           G61N-H    109.319      9.298       622235 
           S62N-H    111.349      7.681      1218965 
           I63N-H    113.632      7.192      1905704 
           K64N-H    120.352      8.405      1658844 
           E65N-H    120.824      8.685      2305496 
           G66N-H    114.140      9.069      1089146 
           Q67N-H    119.270      7.585      2569959 
           V68N-H    122.836      8.537      2135111 
           V69N-H    117.632      8.996      1614601 
           K70N-H    123.048      9.110      1677973 
           E72N-H    126.207      9.318      1518393 
           N73N-H    121.645      8.959       728884 
           A74N-H    123.809      9.058       658633 
           W75N-H    115.140      8.020       166766 
           T76N-H    110.493      9.120       101836 
           T77N-H    112.671      8.839       151073 
           A78N-H    120.896      8.731       288337 
           F79N-H    122.375      8.932       379320 
           K80N-H    126.886      9.105       921916 
           G81N-H    103.817      8.639       493256 
           Q82N-H    120.405      7.990       797540 
           V83N-H    123.427      8.114      1156105 
           Q84N-H    124.348      8.728       842370 
           L85N-H    124.879      9.008       963248 
           N86N-H    120.980      8.177       579962 
           A87N-H    120.606      8.484       612410 
           G88N-H    109.990      8.361       186067 
           T91N-H    121.792      8.415      1498983 
           K92N-H    128.706      9.234       918372 
           A94N-H    130.078      8.670      1916777 
           E95N-H    121.713      8.753       927238 
           A96N-H    128.839      8.626      1965434 
           S97N-H    114.220      8.266      2904211 
           E98N-H    123.769      8.523      2735666 
           D99N-H    122.489      8.263      3603642 
          G100N-H    113.457      8.942      1822980 
          F101N-H    125.885      8.136      2907301 
          E103N-H    123.100      8.536      2516728 
          S104N-H    116.778      9.418      2033634 
          S105N-H    113.518      8.046      2443840 
          Q106N-H    119.940      7.987      1823586 
          I107N-H    123.888      7.171      2060009 
          E109N-H    119.157      8.748      1728036 
          N110N-H    116.540      7.870      3096924 
          T111N-H    116.664      8.111      1546364 
          T113N-H    114.979      8.355      2468989 
          A114N-H    125.236      8.289      1906615 
          R115N-H    120.716      8.229      2757271 
          R116N-H    123.892      8.469      1343970 
          R117N-H    128.005      8.053      6242896 
