      Assignment         w1         w2   Data Height 

           K52N-H    121.774      8.207     71479800 
           K53N-H    124.258      8.640     47208544 
           V54N-H    125.409      8.502     46948696 
           I55N-H    127.824      9.330     19161892 
           A56N-H    122.428      8.143     36760496 
           T57N-H    112.874      8.344     42229264 
           K58N-H    123.666      8.798     25909928 
           V59N-H    121.943      8.846     34360904 
           L60N-H    121.867      7.684     37443068 
           G61N-H    108.981      9.316     27910664 
           T62N-H    115.501      8.759     22538528 
           V63N-H    129.252      9.162     30466016 
           K64N-H    135.377      9.003     17147900 
           W65N-H    110.240      7.086     23738288 
       W65NE1-HE1    128.552      9.993     18220924 
           F66N-H    117.405      8.527     15567161 
           N67N-H    130.818      8.535      7415874 
    N67scND2-HD21    112.115      8.855      2690810 
    N67scND2-HD22    112.108      6.402      4379337 
           V68N-H    131.025      9.664      7701359 
           R69N-H    121.645      8.964     10327376 
           N70N-H    114.721      8.429     13497210 
    N70scND2-HD21    108.277      7.015     14247577 
    N70scND2-HD22    108.284      7.177     13294219 
           G71N-H    110.110      8.137     13629720 
           Y72N-H    112.981      6.856     16650283 
           G73N-H    105.805      7.487     14676389 
           F74N-H    113.241      7.076     13906711 
           I75N-H    121.358      9.362     20613832 
           N76N-H    127.435      9.182     22936364 
    N76scND2-HD21    111.690      6.110     10272079 
    N76scND2-HD22    111.686      8.287      7835288 
           R77N-H    127.864      9.207     21289972 
         R77NE-HE    120.148      8.819     11183809 
           N78N-H    121.509      9.606     21076700 
    N78scND2-HD21    108.865      7.519     14524534 
    N78scND2-HD22    108.872      6.888     13450672 
           T80N-H    109.746      8.702     22005548 
           K81N-H    115.021      7.753     24154772 
           E82N-H    118.116      7.222     29525820 
           D83N-H    122.849      8.808     25427036 
           V84N-H    121.728      9.749     19399676 
           F85N-H    130.350      8.282     19591780 
           V86N-H    123.694      7.245     17349672 
           H87N-H    126.871      8.670     11690464 
           Q88N-H    122.770      7.719     12341872 
    Q88scNE2-HE21    110.160      6.964     12968988 
    Q88scNE2-HE22    110.156      7.705     13926470 
           T89N-H    110.147      8.190     10422620 
           A90N-H    123.665      8.143     29207744 
           I91N-H    117.443      6.956     31245468 
           K92N-H    132.261      8.955     17559388 
           K93N-H    118.077      6.715     23534220 
           N94N-H    121.782      8.617     26201488 
    N94scND2-HD21    116.021      7.408      9279448 
    N94scND2-HD22    116.028      6.238      6147834 
           N95N-H    123.425      6.731     13518171 
    N95scND2-HD21    113.827      8.488      9916483 
    N95scND2-HD22    113.825      7.061     13365907 
           K98N-H    120.584      7.286     21543104 
           Y99N-H    121.584      7.423     27713784 
          S102N-H    113.415      7.197     16223526 
          V103N-H    105.637      5.103     21374352 
          G104N-H    108.549     10.534     12644347 
          D105N-H    119.918      8.056     23280080 
          G106N-H    112.433      8.724     20798052 
          E107N-H    120.967      8.001     42299860 
          T108N-H    120.161      8.772     28725048 
          V109N-H    119.024      9.030     29583116 
          E110N-H    123.472      8.848     25122252 
          F111N-H    119.414      8.712     30055396 
          V113N-H    121.109      9.083     29578836 
          V114N-H    122.069      9.609     24463680 
          E115N-H    121.719      8.718     36350632 
          G116N-H    114.561      7.908     33216876 
          E117N-H    120.911      8.978     59228896 
          K118N-H    115.594      8.462     32666160 
          G119N-H    106.652      7.101     39573424 
          A120N-H    124.798      8.682     41334996 
          E121N-H    119.312      9.481     30939820 
          A122N-H    122.516      8.851     26622996 
          A123N-H    122.510      9.377     32564062 
          N124N-H    117.782      9.390     35805544 
   N124scND2-HD22    116.509      6.911     25770164 
          V125N-H    116.307      8.552     35423140 
          T126N-H    118.873      9.469     28538978 
          G127N-H    106.644      9.277     22505060 
          G129N-H    113.633      9.430     28756656 
          G130N-H    105.403      7.678     27237024 
          V131N-H    112.504      6.342     46519096 
          V133N-H    114.222      7.651     29550652 
   Q134scNE2-HE21    113.869      7.715     60746620 
   Q134scNE2-HE22    113.871      6.835     67340720 
          G135N-H    107.808      9.257     19751358 
          S136N-H    110.841      8.087     16022552 
          A139N-H    119.806      7.420     27659260 
          A140N-H    131.088      7.424     34923368 
