      Assignment         w1         w2   Data Height 

           K52N-H    121.652      8.193     15905717 
           K53N-H    124.201      8.654      5146635 
           V54N-H    125.409      8.502     17158180 
           I55N-H    127.729      9.338      1372922 
           A56N-H    122.428      8.143      4165814 
           T57N-H    112.935      8.343     18492296 
           K58N-H    123.713      8.800      9618491 
           V59N-H    121.861      8.840     10166292 
           L60N-H    121.751      7.686     14124936 
           G61N-H    108.979      9.313     10611614 
           T62N-H    115.415      8.755      3591579 
           V63N-H    129.150      9.153      2563471 
           K64N-H    135.377      9.003      1750246 
           W65N-H    110.225      7.083      1815521 
       W65NE1-HE1    128.560      9.993      1770350 
           F66N-H    117.390      8.520       943021 
           N67N-H    130.838      8.536       861978 
           Y72N-H    112.920      6.843      1176606 
           G73N-H    105.843      7.490      1190726 
           F74N-H    113.230      7.077      1362838 
           I75N-H    121.378      9.358      5842843 
           N76N-H    127.330      9.188      3647449 
    N76scND2-HD21    111.735      6.107      2505977 
    N76scND2-HD22    111.703      8.292       981372 
           R77N-H    127.712      9.235      3951644 
         R77NE-HE    120.142      8.815      3979512 
           N78N-H    121.593      9.620      6927588 
    N78scND2-HD21    108.895      7.520      5069448 
    N78scND2-HD22    108.895      6.896      5234512 
           T80N-H    109.743      8.705     10813344 
           K81N-H    115.014      7.758     10470295 
           E82N-H    118.154      7.226     11940222 
           D83N-H    122.771      8.809      3081102 
           V84N-H    121.702      9.747      2455371 
           F85N-H    130.321      8.277      1797578 
           V86N-H    123.688      7.247      1743759 
           H87N-H    126.966      8.671      1240575 
           A90N-H    123.619      8.145      2598014 
           I91N-H    117.536      6.959      1909907 
           K92N-H    132.376      8.974      2565652 
           K93N-H    118.100      6.717      2057771 
           N94N-H    121.999      8.626      1309301 
    N94scND2-HD21    115.897      7.393       649904 
    N94scND2-HD22    115.974      6.235       381398 
           N95N-H    123.308      6.725       693849 
    N95scND2-HD21    113.827      8.488       678323 
    N95scND2-HD22    113.922      7.070       963778 
          S102N-H    113.407      7.178       473610 
          V103N-H    105.786      5.087      2937805 
          G104N-H    108.545     10.535      1096924 
          D105N-H    119.848      8.056      1306291 
          G106N-H    112.515      8.734      2024777 
          E107N-H    121.081      8.004     12691217 
          T108N-H    120.279      8.764      5601112 
          V109N-H    119.097      9.039     10627178 
          E110N-H    123.516      8.869      6797994 
          F111N-H    119.395      8.697      7563918 
          V113N-H    121.080      9.061      6954705 
          V114N-H    122.187      9.611      2823536 
          E115N-H    121.885      8.711      7631437 
          G116N-H    114.446      7.910      6504728 
          E117N-H    121.014      8.985      2371235 
          K118N-H    115.582      8.468      1794559 
          G119N-H    106.677      7.104      2538165 
          A120N-H    124.813      8.680      3231902 
          E121N-H    119.325      9.473      2339118 
          A122N-H    122.589      8.854      7240264 
          A123N-H    122.581      9.371      9547990 
          N124N-H    117.829      9.382      4807764 
   N124scND2-HD22    116.561      6.913      3313666 
          V125N-H    116.376      8.567      7812258 
          T126N-H    118.952      9.488      5142169 
          G127N-H    106.622      9.295      5763495 
          G129N-H    113.666      9.458     11506766 
          G130N-H    105.462      7.682     12310047 
          V131N-H    112.573      6.352     13195974 
          V133N-H    114.212      7.654      4002200 
   Q134scNE2-HE21    113.892      7.718     19947642 
   Q134scNE2-HE22    113.890      6.840     16133580 
          G135N-H    107.855      9.258      2589510 
          S136N-H    110.858      8.085      1459381 
          A139N-H    119.690      7.480      2331981 
