      Assignment         w1         w2   Data Height 

            V9N-H    121.778      8.288      7819041 
           N10N-H    122.539      8.540     10786094 
           D11N-H    122.132      8.031      9549884 
           L13N-H    123.004      8.106      4057255 
           F15N-H    121.111      8.616      3040009 
           I16N-H    124.929     10.290      1855628 
           R17N-H    114.811      8.197      3054827 
           D18N-H    118.884      7.845      3477069 
           I19N-H    121.495      7.501      3814765 
           K20N-H    124.430      6.319      3095469 
           G22N-H    111.848      8.508       652215 
           L23N-H    120.128      7.392      3122777 
           K24N-H    119.703      8.282      2588380 
           N25N-H    116.665      8.831      1361862 
           L26N-H    118.545      8.807       963373 
           N27N-H    122.534      8.033      1901895 
           V28N-H    121.401      8.625      3729488 
           V29N-H    126.015      8.226      3868856 
           F30N-H    121.796      8.430      6715927 
           I31N-H    117.844      9.461      2347133 
           V32N-H    126.057      8.672      2284696 
           L33N-H    128.465      9.352      1356398 
           E34N-H    115.489      7.651      1299012 
           I35N-H    123.732      8.938      1144662 
           G36N-H    115.540      8.226      4856730 
           V38N-H    123.412      8.417      1682887 
           T39N-H    122.478      8.902       435273 
           T41N-H    115.867      8.905      1331394 
           D43N-H    114.948      8.248       833892 
           G44N-H    106.549      7.914      1642822 
           H45N-H    117.515      7.877      1229023 
           E46N-H    121.660      8.892      2986931 
           V47N-H    120.311      8.851      1688134 
           R48N-H    125.110      8.424      1508406 
           V52N-H    123.278      9.187      1142708 
           A53N-H    120.308      8.783      3246552 
           K55N-H    117.317      9.118      1950813 
           T56N-H    112.728      9.757      2424493 
           S58N-H    108.208      8.897      2824060 
           I59N-H    119.817      9.172      2292251 
           T60N-H    120.326      8.829      2612367 
           I61N-H    122.962      8.980       871532 
           I66N-H    121.572      9.015      1477965 
           I67N-H    119.381      8.185      3634725 
           G69N-H    105.334      7.614      3061043 
           L70N-H    119.428      7.487      2264371 
           I71N-H    118.523      6.951      2991828 
           Q72N-H    123.756      8.667      4060554 
           G74N-H    114.473      9.357      1085734 
           D75N-H    121.823      7.887      4232765 
           I76N-H    122.540      8.330      2295785 
           I77N-H    129.476      9.160      2400883 
           R78N-H    123.921      8.829      3093233 
           L79N-H    133.599      9.280      1980368 
           T80N-H    118.039      8.840      1498120 
           R81N-H    117.268      8.128      1219270 
           Y83N-H    115.314      8.709      1780473 
           A84N-H    121.026      8.149     11641867 
           S85N-H    116.630      9.281      1377633 
           W87N-H    125.873      8.988       850886 
           C90N-H    117.274      7.750      1275927 
           L91N-H    133.230      9.403      1606417 
           T92N-H    126.128      8.962      1428137 
           T95H-N    109.818      8.430      7315180 
           R97N-H    121.037      8.623      1697191 
          E100N-H    118.229      8.342      2050511 
          L101N-H    121.865      8.487      7375649 
          Q102N-H    121.425      8.480      2731768 
          I104N-H    122.091      9.167      1095460 
          E106N-H    117.576      8.539      2693816 
          F107N-H    119.792      8.382      5230285 
          M109N-H    123.471      7.930      4166244 
          V110N-H    126.832      8.482      2738217 
          Y111N-H    120.541      7.899      3282323 
          S112N-H    115.630      8.456      2446560 
          E113N-H    122.498      9.173      2244678 
          V114N-H    113.751      7.616      3216908 
          N116N-H    117.558      8.415      2755040 
          F117N-H    125.361      9.521      2042497 
          S118N-H    115.807      8.307      2498306 
          E119N-H    122.316      7.124      3895611 
          N121N-H    121.778      8.778      2817528 
          D123N-H    118.099      8.290      1621585 
          Q127N-H    119.640      8.216      1762000 
          Q128N-H    121.122      8.449      2092910 
          N129N-H    120.242      8.458      3094892 
          K130N-H    126.527      7.895     11715599 
