      Assignment         w1         w2   Data Height 

            V9N-H    121.775      8.287      7967651 
           N10N-H    122.535      8.538     10609861 
           D11N-H    122.132      8.031     10374323 
           L13N-H    122.968      8.100      4943798 
           F15N-H    121.095      8.615      2675672 
           I16N-H    124.934     10.284      1670142 
           R17N-H    114.806      8.197      3405681 
           D18N-H    118.903      7.844      3337954 
           I19N-H    121.489      7.496      3245526 
           K20N-H    124.433      6.321      3031573 
           G22N-H    111.843      8.512      2344310 
           L23N-H    120.151      7.390      4268901 
           K24N-H    119.742      8.275      3417946 
           N25N-H    116.698      8.839      1718097 
           L26N-H    118.691      8.839       404153 
           N27N-H    122.534      8.033      2316253 
           V28N-H    121.381      8.621      3557841 
           V29N-H    126.010      8.218      3598600 
           F30N-H    121.811      8.430      6770543 
           I31N-H    117.864      9.462      2186055 
           V32N-H    126.036      8.672      2238166 
           L33N-H    128.464      9.356      1561741 
           E34N-H    115.508      7.652      3726333 
           I35N-H    123.739      8.942      3874164 
           G36N-H    115.527      8.222      4964178 
           R37N-H    118.003      8.149      6739602 
           V38N-H    123.378      8.411      5510951 
           T39N-H    122.376      8.889       418984 
           K40N-H    125.467      8.572       685821 
           T41N-H    115.793      8.907      2807178 
           D43N-H    114.860      8.222      2221310 
           G44N-H    106.506      7.905      1653406 
           H45N-H    117.534      7.884      1978737 
           E46N-H    121.642      8.893      2841316 
           V47N-H    120.289      8.831      3058844 
           R48N-H    125.111      8.410      1354260 
           S49N-H    120.175      8.973      1917262 
           C50N-H    123.619      9.355      1395865 
           V52N-H    123.252      9.192      2399828 
           A53N-H    120.292      8.777      3459061 
           K55N-H    117.326      9.112      2204038 
           T56N-H    112.742      9.758      2306973 
           S58N-H    108.210      8.894      2510709 
           I59N-H    119.828      9.171      3137293 
           T60N-H    120.286      8.820      2941240 
           I61N-H    122.953      8.979      2025810 
           I66N-H    121.557      9.010      1868455 
           I67N-H    119.442      8.188      7071973 
           G69N-H    105.297      7.607      2341552 
           L70N-H    119.428      7.484      2575247 
           I71N-H    118.480      6.946      3150070 
           Q72N-H    123.713      8.667      3777892 
           G74N-H    114.471      9.355      2312920 
           D75N-H    121.816      7.887      4436292 
           I76N-H    122.527      8.332      2065379 
           I77N-H    129.453      9.157      2270163 
           R78N-H    123.859      8.827      2130494 
           L79N-H    133.601      9.274      1817725 
           T80N-H    118.000      8.840       862800 
           R81N-H    117.419      8.123       692179 
           Y83N-H    115.325      8.718      1562262 
           A84N-H    121.010      8.144     13630978 
           S85N-H    116.610      9.284      2165349 
           M86N-H    120.174      8.609      2872146 
           W87N-H    125.815      8.982      1553430 
           K88N-H    128.090      8.905       943029 
           G89N-H    102.571      8.453      2274923 
           C90N-H    117.288      7.740      2780963 
           L91N-H    133.224      9.399      1808518 
           T92N-H    126.177      8.974      1678452 
           T95H-N    109.817      8.429      7514155 
           R97N-H    120.994      8.613      1950878 
          E100N-H    118.210      8.352      1227610 
          L101N-H    121.815      8.484      6831107 
          Q102N-H    121.421      8.480      2493870 
          K103N-H    128.283      9.043      3352301 
          I104N-H    122.076      9.165      1277249 
          E106N-H    117.582      8.538      3701090 
          F107N-H    119.773      8.381      5006704 
          M109N-H    123.481      7.930      4235761 
          V110N-H    126.836      8.480      3638357 
          Y111N-H    120.541      7.899      3118593 
          S112N-H    115.642      8.454      2230174 
          E113N-H    122.491      9.169      3342915 
          V114N-H    113.768      7.618      2654748 
          N116N-H    117.551      8.416      3131661 
          F117N-H    125.360      9.518      1792446 
          S118N-H    115.799      8.303      3093426 
          E119N-H    122.319      7.124      5174379 
          N121N-H    121.772      8.774      5565445 
          D123N-H    118.025      8.283      9898552 
          G126N-H    108.324      7.648      7626656 
          Q127N-H    119.551      8.203     13575642 
          Q128N-H    121.070      8.445     10246952 
          N129N-H    120.199      8.453      8396828 
          K130N-H    126.497      7.893     31629156 
