      Assignment         w1         w2   Data Height 

            V9N-H    121.784      8.289     18005738 
           N10N-H    122.544      8.541     22221548 
           D11N-H    122.070      8.052     15920056 
           L13N-H    123.069      8.123      8296160 
           F15N-H    121.080      8.623      4945149 
           I16N-H    124.888     10.285      2063723 
           R17N-H    114.856      8.198      4274598 
           D18N-H    118.808      7.840      5047627 
           I19N-H    121.473      7.507      5169022 
           K20N-H    124.403      6.326      3058049 
           L23N-H    120.465      7.351      1242728 
           N27N-H    122.541      8.057      2949605 
           V28N-H    121.310      8.620      5027118 
           V29N-H    126.032      8.247      3977871 
           F30N-H    121.718      8.425     10975138 
           I31N-H    117.951      9.473      3127280 
           V32N-H    126.028      8.673      2354497 
           L33N-H    128.291      9.336      1402033 
           E34N-H    115.662      7.680      4338138 
           I35N-H    123.671      8.949      4123825 
           G36N-H    115.568      8.231     14297453 
           R37N-H    117.922      8.177      2865825 
           V38N-H    123.250      8.413      8063698 
           K40N-H    124.171      8.522      1332089 
           T41N-H    115.615      8.912      1711293 
           D43N-H    114.784      8.244       920433 
           G44N-H    106.513      7.890      1634455 
           H45N-H    117.710      7.888       508296 
           E46N-H    121.531      8.873      2228927 
           V47N-H    120.218      8.835      1502126 
           R48N-H    124.338      8.428       848014 
           S49N-H    120.201      8.979      1615116 
           C50N-H    123.464      9.344      1109723 
           K51N-H    126.504      8.659       657664 
           V52N-H    123.026      9.162      2215877 
           A53N-H    120.211      8.777      3672730 
           D54N-H    120.138      9.330      5560526 
           K55N-H    117.354      9.118      3467863 
           T56N-H    112.727      9.748      2949020 
           G57N-H    110.191      7.759      5983668 
           S58N-H    108.275      8.910      4478234 
           I59N-H    119.642      9.167      3884540 
           T60N-H    120.218      8.822      1633540 
           I61N-H    122.887      9.019      2605722 
           S62N-H    122.230      8.147      2513873 
           D65N-H    120.138      9.330      5560526 
           I66N-H    121.503      9.059       372524 
           I67N-H    119.383      8.208      2986699 
           Q72N-H    123.541      8.696      4249820 
           G74N-H    114.444      9.387       714157 
           D75N-H    121.836      7.898      5175218 
           I76N-H    122.477      8.354      3404702 
           I77N-H    129.385      9.166      3596956 
           R78N-H    123.887      8.836      2744228 
           L79N-H    133.568      9.290      2398410 
           A84N-H    121.068      8.160     20581174 
           W87H-N    126.134      9.019       705078 
           G89N-H    102.724      8.442       484069 
           C90N-H    117.386      7.782      2563004 
           L91N-H    133.310      9.433      2084008 
           T92N-H    126.128      8.985      1025373 
           L93N-H    126.394      8.602      2337744 
           T95H-N    109.853      8.431     17024606 
          E100N-H    118.442      8.422       775100 
          L101N-H    121.942      8.489     16937622 
          Q102N-H    121.818      8.437     18366500 
          I104N-H    122.070      9.165      1450811 
          G105N-H    109.962      7.743      3171479 
          E106N-H    117.664      8.542      2770666 
          F107N-H    119.793      8.386     16703992 
          M109N-H    123.393      7.942      4734401 
          V110N-H    126.760      8.487      3801339 
          Y111N-H    120.569      7.883      6480441 
          S112N-H    115.637      8.454      5278433 
          E113N-H    122.463      9.167      1555832 
          V114N-H    113.876      7.637      5652556 
          N116N-H    117.598      8.418      5923142 
          F117N-H    125.318      9.538      2796596 
          S118N-H    115.700      8.321      6344230 
          E119N-H    122.350      7.152      9216476 
          N121N-H    121.619      8.774      7680788 
          D123N-H    118.200      8.304     16543591 
          Y124N-H    120.772      7.887     15523653 
          G126N-H    108.449      7.719      6590054 
          Q127N-H    119.591      8.209     12124829 
          Q128N-H    121.110      8.455     19947198 
          N129N-H    120.222      8.459     14770333 
          K130N-H    126.511      7.897     48117400 
