      Assignment         w1         w2   Data Height 

            V9N-H    121.763      8.291     57857936 
           N10N-H    122.476      8.540     87601504 
           D11N-H    122.080      8.049     75670992 
           L13N-H    122.994      8.116     45019800 
           F15N-H    120.967      8.625     22777682 
           I16N-H    124.876     10.276     11024056 
           R17N-H    114.771      8.196     19801048 
           D18N-H    118.909      7.850     25555790 
           I19N-H    121.479      7.509     30579356 
           K20N-H    124.358      6.328     28134576 
           G22N-H    111.815      8.453      4060280 
           L23N-H    120.202      7.386     39291456 
           K24N-H    120.029      8.289     26240724 
           N25N-H    116.877      8.793     10581431 
           L26N-H    118.074      8.754      6020981 
           N27N-H    122.511      8.046     23929024 
           V28N-H    121.361      8.625     27188688 
           V29N-H    126.011      8.232     23259866 
           F30N-H    121.718      8.425     48806400 
           I31N-H    117.906      9.465     18168736 
           V32N-H    126.001      8.680     16798184 
           L33N-H    128.350      9.362     13977735 
           E34N-H    115.556      7.666     31876820 
           I35N-H    123.770      8.939     35045208 
           G36N-H    115.552      8.232     33937144 
           R37N-H    117.839      8.151     46456612 
           V38N-H    123.221      8.386     48544432 
           K40N-H    124.190      8.523      3710705 
           T41N-H    115.395      8.901     13479636 
           D43N-H    114.784      8.252     24438634 
           G44N-H    106.674      7.945     27047312 
           H45N-H    117.631      7.909     11527707 
           E46N-H    121.707      8.901     15656051 
           V47N-H    120.218      8.835      9869086 
           R48N-H    124.852      8.410      2974752 
           S49N-H    120.117      8.997     11696373 
           C50N-H    123.694      9.366      8369827 
           K51N-H    126.504      8.659      8457011 
           V52N-H    123.218      9.199     19663592 
           A53N-H    120.282      8.777     31680020 
           D54N-H    120.096      9.320     27125950 
           K55N-H    117.348      9.116     17909796 
           T56N-H    112.772      9.755     16032511 
           G57N-H    110.219      7.762     26676366 
           S58N-H    108.257      8.908     20723356 
           I59N-H    119.827      9.181     24234016 
           T60N-H    120.218      8.822      9286331 
           I61N-H    122.888      9.006     12001989 
           S62N-H    122.238      8.146      8698779 
           D65N-H    120.096      9.320     27125950 
           I66N-H    121.584      9.054     19199376 
           I67N-H    119.383      8.208     61178888 
           G69N-H    105.108      7.581     20916844 
           L70N-H    119.363      7.475     24623488 
           I71N-H    118.098      6.940     29274080 
           Q72N-H    123.497      8.677     30001222 
           G74N-H    114.431      9.366     18856162 
           D75N-H    121.847      7.903     38927872 
           I76N-H    122.506      8.351     18544312 
           I77N-H    129.446      9.170     20006462 
           R78N-H    123.887      8.836     20495972 
           L79N-H    133.639      9.297     14018812 
           T80N-H    117.890      8.862       965663 
           Y83N-H    115.175      8.689     11602604 
           A84N-H    121.025      8.156     99060712 
           S85N-H    116.757      9.342      3042934 
           M86N-H    119.971      8.606     18320628 
           W87H-N    126.059      9.016     13194358 
           G89N-H    102.459      8.452     19018480 
           C90N-H    117.381      7.782     16112701 
           L91N-H    133.189      9.413     15349369 
           T92N-H    126.150      8.991     11268800 
           L93N-H    126.599      8.598     25430332 
           T95H-N    109.820      8.430     55889812 
          E100N-H    118.256      8.442      5701789 
          L101N-H    121.837      8.486     74600384 
          Q102N-H    121.791      8.438     55065048 
          K103N-H    128.172      9.054     27221572 
          I104N-H    122.033      9.172      9714063 
          G105N-H    109.904      7.740     17624716 
          E106N-H    117.643      8.550     24703732 
          F107N-H    119.760      8.385     38156912 
          M109N-H    123.311      7.927     24607780 
          V110N-H    126.721      8.491     26201108 
          Y111N-H    120.569      7.859     33831768 
          S112N-H    115.655      8.461     23931852 
          E113N-H    122.462      9.171     30051144 
          V114N-H    113.832      7.631     29362364 
          N116N-H    117.567      8.417     31826850 
          F117N-H    125.331      9.533     14446850 
          S118N-H    115.817      8.320     29800440 
          E119N-H    122.268      7.138     48180628 
          N121N-H    121.636      8.768     43985324 
          D123N-H    118.127      8.289     90509648 
          Y124N-H    120.762      7.862     89874240 
          G126N-H    108.405      7.708     51202324 
          Q127N-H    119.545      8.213    118103600 
          Q128N-H    121.062      8.449    110994560 
          N129N-H    120.211      8.458     76465336 
          K130N-H    126.512      7.894    265322784 
